date,OP,CP,HP,LP,DF,RD,TV,TC,TO
2016-10-17,19.87,19.93,19.97,19.87,-0.09,-1,4486000,619,89486400
2016-10-18,19.92,19.9,19.93,19.9,-0.03,-1,3567000,218,71042300
2016-10-19,19.91,19.89,19.91,19.86,-0.01,-1,1905000,106,37869230
2016-10-20,19.84,19.8,19.84,19.78,-0.09,-1,1088000,114,21541530
2016-10-21,19.88,19.88,19.88,19.85,0.08,1,2286000,92,45405230
2016-10-24,19.92,19.86,19.92,19.85,-0.02,-1,2795000,80,55543280
2016-10-25,19.84,19.79,19.84,19.79,-0.07,-1,2131000,93,42193530
2016-10-26,19.84,19.87,19.88,19.84,0.08,1,2219000,70,44084430
2016-10-27,19.86,19.83,19.86,19.8,-0.04,-1,2166000,71,42941260
2016-10-28,19.85,19.84,19.85,19.83,0.01,1,1435000,49,28470200
2016-10-31,19.93,19.8,19.93,19.79,-0.04,-1,1665000,95,32991640
2016-11-01,19.89,19.81,19.89,19.8,0.01,1,1111000,64,22018890
2016-11-02,19.98,20.05,20.05,19.96,0.24,1,3512000,321,70333720
2016-11-03,20.01,20.05,20.07,20.01,0.0,0,2541000,213,50940490
2016-11-04,20.05,20.07,20.08,20.05,0.02,1,2088000,142,41898300
2016-11-07,19.89,19.87,19.92,19.86,-0.2,-1,803000,98,15963780
2016-11-08,19.75,19.71,19.78,19.71,-0.16,-1,1826000,149,36061320
2016-11-09,19.51,20.34,20.51,19.51,0.63,1,8734000,757,175484640
2016-11-10,19.42,19.26,19.42,19.24,-1.08,-1,4999000,534,96740950
2016-11-11,19.16,19.14,19.16,19.11,-0.12,-1,7121000,707,136192170
2016-11-14,19.05,19.01,19.06,19.0,-0.13,-1,3950000,496,75188770
2016-11-15,19.1,19.06,19.1,19.05,0.05,1,2902000,224,55324240
2016-11-16,19.05,19.04,19.05,19.01,-0.02,-1,1370000,208,26062000
2016-11-17,19.06,19.07,19.08,19.05,0.03,1,2246000,147,42824350
2016-11-18,19.04,19.08,19.08,19.04,0.01,1,2159000,143,41159990
2016-11-21,19.09,19.06,19.09,19.05,-0.02,-1,1791000,134,34154080
2016-11-22,19.01,18.97,19.02,18.94,-0.09,-1,2299000,385,43619890
2016-11-23,18.93,18.91,18.95,18.91,-0.06,-1,2351000,215,44492950
2016-11-24,18.9,18.89,18.91,18.88,-0.02,-1,1618000,196,30571150
2016-11-25,18.87,18.86,18.87,18.83,-0.03,-1,473000,107,8918000
2016-11-28,18.8,18.82,18.84,18.77,-0.04,-1,2989000,194,56207970
2016-11-29,18.84,18.87,18.87,18.84,0.05,1,1246000,67,23489720
2016-11-30,18.85,18.83,18.85,18.82,-0.04,-1,1181000,113,22246330
2016-12-01,18.83,18.81,18.83,18.79,-0.02,-1,1612000,155,30315070
2016-12-02,18.82,18.81,18.83,18.78,0.0,0,1533000,217,28836100
2016-12-05,18.77,18.79,18.81,18.77,-0.02,-1,2073000,152,38951770
2016-12-06,18.77,18.75,18.77,18.74,-0.04,-1,1434000,168,26900370
2016-12-07,18.74,18.74,18.75,18.73,-0.01,-1,804000,88,15065150
2016-12-08,18.47,18.44,18.47,18.43,-0.3,-1,2407000,401,44397970
2016-12-09,18.37,18.35,18.37,18.35,-0.09,-1,1377000,227,25280730
2016-12-12,18.18,18.24,18.25,18.17,-0.11,-1,2004000,240,36498670
2016-12-13,18.28,18.23,18.28,18.23,-0.01,-1,917000,124,16725620
2016-12-14,18.13,18.09,18.13,18.06,-0.14,-1,3493000,521,63193980
2016-12-15,18.21,18.12,18.21,18.11,0.03,1,3229000,434,58608310
2016-12-16,18.08,18.13,18.13,18.08,0.01,1,1628000,207,29469160
2016-12-19,18.12,18.13,18.13,18.1,0.0,0,927000,172,16794790
2016-12-20,18.12,18.09,18.12,18.09,-0.04,-1,1312000,155,23744890
2016-12-21,18.01,18.03,18.04,18.01,-0.06,-1,1209000,184,21791830
2016-12-22,18.07,18.06,18.08,18.04,0.03,1,1948000,253,35180920
2016-12-23,18.07,18.06,18.07,18.04,0.0,0,898000,179,16210210
2016-12-26,18.06,18.05,18.07,18.04,-0.01,-1,761000,150,13740100
2016-12-27,18.04,18.05,18.06,18.04,0.0,0,812000,91,14654240
2016-12-28,18.05,18.03,18.05,18.02,-0.02,-1,1745000,156,31454780
2016-12-29,18.11,18.14,18.14,18.11,0.11,1,1869000,200,33882800
2016-12-30,18.14,18.11,18.14,18.1,-0.03,-1,2019000,157,36582500
2017-01-03,18.15,18.1,18.16,18.1,-0.01,-1,903000,155,16372600
2017-01-04,18.09,18.06,18.09,18.06,-0.04,-1,864000,127,15618730
2017-01-05,18.04,18.03,18.04,18.03,-0.03,-1,611000,115,11018620
2017-01-06,18.07,18.06,18.07,18.05,0.03,1,699000,88,12621300
2017-01-09,18.01,17.99,18.01,17.98,-0.07,-1,1239000,239,22290780
2017-01-10,18.07,18.09,18.1,18.07,0.1,1,611000,95,11049240
2017-01-11,18.08,18.11,18.11,18.07,0.02,1,868000,100,15706800
2017-01-12,18.05,18.05,18.07,18.03,-0.06,-1,1107000,130,19971430
2017-01-13,18.08,18.05,18.08,18.05,0.0,0,546000,92,9860300
2017-01-16,18.09,18.11,18.13,18.08,0.06,1,3106000,510,56228420
2017-01-17,18.11,18.13,18.14,18.11,0.02,1,1359000,651,24624200
2017-01-18,18.15,18.14,18.16,18.14,0.01,1,1731000,602,31414520
2017-01-19,18.17,18.15,18.17,18.13,0.01,1,1308000,166,23730350
2017-01-20,18.17,18.23,18.23,18.17,0.08,1,2518000,729,45845430
2017-01-23,18.2,18.19,18.22,18.16,-0.04,-1,1769000,543,32162330
2017-01-24,18.16,18.16,18.19,18.14,-0.03,-1,1527000,731,27735650
2017-02-02,18.15,18.18,18.19,18.07,0.02,1,1691000,217,30626340
2017-02-03,18.07,18.04,18.1,18.04,-0.14,-1,1253000,237,22630790
2017-02-06,17.99,17.85,17.99,17.84,-0.19,-1,2445000,471,43670600
2017-02-07,17.91,17.86,17.91,17.86,0.01,1,675000,88,12068300
2017-02-08,17.85,17.8,17.85,17.8,-0.06,-1,1520000,218,27097270
2017-02-09,17.82,17.8,17.83,17.8,0.0,0,2340000,158,41680600
2017-02-10,17.66,17.62,17.66,17.62,-0.18,-1,3468000,370,61153560
2017-02-13,17.59,17.53,17.59,17.51,-0.09,-1,2631000,242,46141500
2017-02-14,17.43,17.46,17.46,17.42,-0.07,-1,1543000,233,26897980
2017-02-15,17.38,17.32,17.38,17.32,-0.14,-1,1527000,299,26504980
2017-02-16,17.28,17.24,17.28,17.22,-0.08,-1,2321000,315,40009790
2017-02-17,17.27,17.27,17.29,17.25,0.03,1,913000,153,15764390
2017-02-18,17.3,17.37,17.4,17.3,0.1,1,693000,562,12037580
2017-02-20,17.31,17.3,17.31,17.27,-0.07,-1,2682000,303,46377110
2017-02-21,17.27,17.27,17.27,17.25,-0.03,-1,1168000,80,20166330
2017-02-22,17.17,17.19,17.21,17.17,-0.08,-1,1257000,165,21613610
2017-02-23,17.18,17.18,17.18,17.15,-0.01,-1,1224000,179,21010250
2017-02-24,17.14,17.15,17.16,17.13,-0.03,-1,802000,203,13749040
2017-03-01,17.12,17.1,17.12,17.08,-0.05,-1,1409000,229,24090840
2017-03-02,16.92,16.93,16.93,16.89,-0.17,-1,1547000,374,26164190
2017-03-03,17.02,17.05,17.05,16.99,0.12,1,1168000,215,19868730
2017-03-06,17.09,17.03,17.09,17.0,-0.02,-1,1179000,138,20065620
2017-03-07,17.05,17.02,17.05,17.01,-0.01,-1,720000,94,12254020
2017-03-08,17.06,17.05,17.07,17.04,0.03,1,743000,78,12667930
2017-03-09,17.08,17.07,17.09,17.06,0.02,1,761000,121,12993880
2017-03-10,17.07,17.05,17.07,17.03,-0.02,-1,776000,142,13226710
2017-03-13,17.05,17.04,17.06,17.03,-0.01,-1,265000,59,4518730
2017-03-14,17.05,17.06,17.07,17.05,0.02,1,178000,55,3036560
2017-03-15,17.06,17.06,17.07,17.04,0.0,0,686000,280,11700030
2017-03-16,17.01,16.95,17.01,16.95,-0.11,-1,1004000,173,17040850
2017-03-17,16.96,16.97,17.0,16.96,0.02,1,295000,61,5008100
2017-03-20,17.01,16.99,17.02,16.99,0.02,1,707000,76,12019590
2017-03-21,16.98,16.95,16.98,16.95,-0.04,-1,257000,62,4357900
2017-03-22,17.18,17.21,17.23,17.18,0.26,1,1223000,255,21045580
2017-03-23,17.2,17.18,17.2,17.16,-0.03,-1,319000,83,5480320
2017-03-24,17.16,17.18,17.18,17.16,0.0,0,269000,68,4618780
2017-03-27,17.28,17.33,17.33,17.28,0.15,1,1341000,188,23202350
2017-03-28,17.27,17.23,17.27,17.23,-0.1,-1,644000,125,11108250
2017-03-29,17.13,17.14,17.16,17.13,-0.09,-1,407000,109,6976300
2017-03-30,17.15,17.16,17.17,17.15,0.02,1,101000,39,1733110
2017-03-31,17.17,17.16,17.17,17.13,0.0,0,479000,58,8213710
2017-04-05,17.17,17.15,17.17,17.14,-0.01,-1,520000,46,8918000
2017-04-06,17.21,17.24,17.26,17.21,0.09,1,461000,77,7948240
2017-04-07,17.32,17.29,17.36,17.25,0.05,1,1753000,277,30334510
2017-04-10,17.23,17.2,17.23,17.18,-0.09,-1,364000,95,6258850
2017-04-11,17.2,17.25,17.26,17.2,0.05,1,445000,74,7670860
2017-04-12,17.27,17.26,17.27,17.25,0.01,1,367000,75,6333600
2017-04-13,17.32,17.28,17.32,17.28,0.02,1,727000,104,12569480
2017-04-14,17.33,17.35,17.35,17.32,0.07,1,575000,186,9966390
2017-04-17,17.35,17.32,17.36,17.31,-0.03,-1,1342000,105,23252580
2017-04-18,17.19,17.19,17.2,17.15,-0.13,-1,697000,87,11970740
2017-04-19,17.28,17.28,17.31,17.27,0.09,1,1063000,79,18365660
2017-04-20,17.37,17.36,17.38,17.36,0.08,1,994000,161,17261790
2017-04-21,17.23,17.23,17.24,17.21,-0.13,-1,437000,223,7526960
2017-04-24,17.12,17.12,17.13,17.1,-0.11,-1,954000,214,16325420
2017-04-25,17.07,17.04,17.07,17.03,-0.08,-1,488000,158,8318370
2017-04-26,16.88,16.87,16.89,16.86,-0.17,-1,1069000,297,18035510
2017-04-27,16.91,16.9,16.92,16.9,0.03,1,436000,75,7370360
2017-04-28,16.92,16.93,16.93,16.9,0.03,1,127000,37,2148680
2017-05-02,16.95,16.94,16.95,16.92,0.01,1,272000,44,4603250
2017-05-03,16.92,16.93,16.93,16.91,-0.01,-1,661000,59,11182120
2017-05-04,16.89,16.87,16.89,16.87,-0.06,-1,365000,64,6159850
2017-05-05,16.89,16.96,16.97,16.89,0.09,1,535000,66,9064240
2017-05-08,16.86,16.84,16.88,16.84,-0.12,-1,441000,96,7433680
2017-05-09,16.86,16.89,16.89,16.85,0.05,1,167000,30,2818920
2017-05-10,16.93,16.93,16.95,16.93,0.04,1,132000,25,2235890
2017-05-11,16.93,16.91,16.93,16.91,-0.02,-1,110000,36,1860950
2017-05-12,16.96,16.96,16.96,16.92,0.05,1,123000,26,2084110
2017-05-15,16.92,16.9,16.92,16.9,-0.06,-1,248000,31,4192800
2017-05-16,16.84,16.85,16.86,16.84,-0.05,-1,372000,50,6269360
2017-05-17,16.91,16.92,16.96,16.91,0.07,1,130000,56,2200700
2017-05-18,17.11,17.09,17.13,17.07,0.17,1,1116000,212,19080180
2017-05-19,17.09,17.11,17.12,17.07,0.02,1,568000,138,9715290
2017-05-22,16.99,16.97,16.99,16.96,-0.14,-1,500000,94,8489620
2017-05-23,16.95,16.92,16.95,16.91,-0.05,-1,732000,88,12392340
2017-05-24,16.9,16.9,16.9,16.88,-0.02,-1,159000,59,2685740
2017-05-25,16.83,16.76,16.83,16.75,-0.14,-1,684000,190,11473540
2017-05-26,16.73,16.78,16.78,16.73,0.02,1,125000,54,2095010
2017-05-31,16.78,16.79,16.8,16.77,0.01,1,99000,29,1661560
2017-06-01,16.73,16.77,16.79,16.73,-0.02,-1,142000,37,2381150
2017-06-02,16.67,16.62,16.67,16.62,-0.15,-1,838000,175,13947600
2017-06-03,16.61,16.6,16.62,16.6,-0.02,-1,176000,73,2922120
2017-06-05,16.6,16.61,16.65,16.6,0.01,1,303000,49,5036860
2017-06-06,16.63,16.64,16.66,16.63,0.03,1,101000,29,1680780
2017-06-07,16.64,16.64,16.66,16.63,0.0,0,215000,45,3577510
2017-06-08,16.64,16.62,16.65,16.62,-0.02,-1,149000,47,2478890
2017-06-09,16.64,16.61,16.64,16.6,-0.01,-1,384000,76,6378080
2017-06-12,16.59,16.62,16.62,16.58,0.01,1,282000,63,4681900
2017-06-13,16.61,16.59,16.62,16.59,-0.03,-1,128000,28,2124990
