date,OP,CP,HP,LP,DF,RD,TV,TC,TO
2017-02-21,20.2,20.21,20.25,20.17,-0.03,-1,9048000,1113,182898550
2017-02-22,20.29,20.28,20.31,20.27,0.07,1,1947000,220,39505090
2017-02-23,20.26,20.25,20.29,20.25,-0.03,-1,1682000,121,34090900
2017-02-24,20.11,20.04,20.11,20.04,-0.21,-1,1514000,80,30389150
2017-03-01,20.2,20.19,20.26,20.15,0.15,1,1448000,113,29275360
2017-03-02,20.51,20.49,20.51,20.47,0.3,1,1716000,146,35173360
2017-03-03,20.3,20.22,20.32,20.21,-0.27,-1,1263000,76,25615090
2017-03-06,20.3,20.38,20.39,20.3,0.16,1,1508000,77,30690280
2017-03-07,20.38,20.41,20.41,20.37,0.03,1,1085000,44,22127550
2017-03-08,20.25,20.24,20.26,20.18,-0.17,-1,1684000,63,34076060
2017-03-09,20.4,20.39,20.43,20.38,0.15,1,1182000,61,24108450
2017-03-10,20.5,20.5,20.53,20.49,0.11,1,1673000,91,34314710
2017-03-13,20.5,20.51,20.52,20.49,0.01,1,1109000,33,22738190
2017-03-14,20.6,20.6,20.62,20.6,0.09,1,811000,35,16708570
2017-03-15,20.49,20.53,20.53,20.49,-0.07,-1,767000,32,15728580
2017-03-16,20.75,20.8,20.81,20.75,0.27,1,819000,32,17021040
2017-03-17,20.76,20.76,20.79,20.76,-0.04,-1,129000,13,2678660
2017-03-20,20.6,20.62,20.69,20.6,-0.14,-1,145000,14,2989950
2017-03-21,20.78,20.82,20.87,20.78,0.2,1,137000,24,2852700
2017-03-22,20.16,20.06,20.16,20.02,-0.76,-1,102000,28,2047290
2017-03-23,20.39,20.4,20.43,20.38,0.34,1,448000,21,9138040
2017-03-24,20.4,20.37,20.4,20.34,-0.03,-1,129000,11,2626570
2017-03-27,20.13,20.12,20.16,20.08,-0.25,-1,164000,15,3301450
2017-03-28,20.49,20.5,20.54,20.48,0.38,1,416000,29,8527260
2017-03-29,20.68,20.69,20.7,20.64,0.19,1,742000,44,15329650
2017-03-30,20.93,20.88,20.93,20.87,0.19,1,710000,34,14835090
2017-03-31,20.88,20.77,20.88,20.77,-0.11,-1,699000,31,14565900
2017-04-05,20.94,20.9,20.94,20.87,0.13,1,608000,26,12710400
2017-04-06,20.63,20.57,20.63,20.52,-0.33,-1,651000,26,13388840
2017-04-07,20.77,20.64,20.77,20.52,0.07,1,457000,22,9405050
2017-04-10,20.79,20.8,20.81,20.78,0.16,1,566000,20,11767900
2017-04-11,20.75,20.69,20.76,20.68,-0.11,-1,539000,17,11170970
2017-04-12,20.52,20.49,20.52,20.47,-0.2,-1,514000,25,10533880
2017-04-13,20.32,20.36,20.36,20.26,-0.13,-1,678000,28,13774300
2017-04-14,20.28,20.22,20.29,20.21,-0.14,-1,225000,28,4550320
2017-04-17,20.21,20.22,20.24,20.17,0.0,0,831000,34,16785690
2017-04-18,20.53,20.54,20.54,20.53,0.32,1,602000,25,12363120
2017-04-19,20.53,20.54,20.54,20.51,0.0,0,911000,26,18700820
2017-04-20,20.55,20.6,20.61,20.55,0.06,1,708000,25,14577260
2017-04-21,20.92,20.96,20.96,20.91,0.36,1,720000,140,15073200
2017-04-24,21.22,21.25,21.25,21.19,0.29,1,975000,137,20680810
2017-04-25,21.33,21.44,21.44,21.33,0.19,1,687000,113,14704950
2017-04-26,21.68,21.7,21.7,21.66,0.26,1,1118000,38,24227660
2017-04-27,21.6,21.59,21.61,21.58,-0.11,-1,701000,27,15135990
2017-04-28,22.01,21.99,22.01,21.97,0.4,1,574000,38,12626410
2017-05-02,22.36,22.35,22.37,22.34,0.36,1,617000,27,13791980
2017-05-03,22.26,22.21,22.26,22.21,-0.14,-1,650000,30,14462210
2017-05-04,22.2,22.24,22.25,22.2,0.03,1,525000,26,11664610
2017-05-05,22.27,22.24,22.27,22.2,0.0,0,553000,15,12307710
2017-05-08,22.45,22.49,22.49,22.44,0.25,1,739000,29,16592050
2017-05-09,22.5,22.5,22.51,22.48,0.01,1,675000,26,15187830
2017-05-10,22.66,22.69,22.69,22.66,0.19,1,679000,23,15391440
2017-05-11,22.68,22.67,22.68,22.66,-0.02,-1,572000,19,12966420
2017-05-12,22.56,22.51,22.56,22.49,-0.16,-1,969000,193,21834110
2017-05-15,22.75,22.79,22.8,22.75,0.28,1,521000,22,11869580
2017-05-16,22.83,22.83,22.83,22.79,0.04,1,779000,25,17775270
2017-05-17,22.79,22.83,22.83,22.79,0.0,0,753000,22,17179770
2017-05-18,21.98,22.07,22.09,21.96,-0.76,-1,874000,194,19273070
2017-05-19,22.29,22.31,22.31,22.25,0.24,1,806000,43,17956350
2017-05-22,22.48,22.57,22.57,22.48,0.26,1,1478000,501,33294780
2017-05-23,22.81,22.83,22.83,22.79,0.26,1,552000,34,12591650
2017-05-24,22.89,22.93,22.93,22.89,0.1,1,433000,14,9923410
2017-05-25,23.15,23.27,23.28,23.12,0.34,1,501000,31,11644950
2017-05-26,23.5,23.51,23.53,23.49,0.24,1,413000,26,9709470
2017-05-31,23.62,23.6,23.67,23.57,0.09,1,1260000,365,29763470
2017-06-01,23.68,23.67,23.68,23.62,0.07,1,560000,19,13235840
2017-06-02,23.89,24.03,24.03,23.88,0.36,1,765000,225,18330870
2017-06-03,24.65,24.42,24.65,24.08,0.39,1,56000,12,1375580
2017-06-05,24.35,24.38,24.38,24.33,-0.04,-1,539000,26,13121500
2017-06-06,24.32,24.29,24.32,24.25,-0.09,-1,366000,16,8881090
2017-06-07,24.23,24.23,24.27,24.23,-0.06,-1,471000,31,11418000
2017-06-08,24.3,24.35,24.37,24.3,0.12,1,592000,26,14407830
2017-06-09,24.29,24.34,24.37,24.29,-0.01,-1,269000,12,6550900
2017-06-12,23.13,23.07,23.16,23.05,-1.27,-1,742000,262,17145040
2017-06-13,22.97,23.01,23.03,22.95,-0.06,-1,843000,61,19366510
2017-06-14,23.28,23.14,23.28,23.12,0.13,1,504000,43,11711210
2017-06-15,22.88,22.8,22.88,22.72,-0.34,-1,451000,22,10287570
2017-06-16,22.91,22.95,23.0,22.87,0.15,1,616000,130,14133930
2017-06-19,22.8,22.82,22.85,22.8,-0.13,-1,328000,27,7487290
2017-06-20,23.36,23.39,23.41,23.36,0.57,1,571000,96,13358780
2017-06-21,22.96,22.95,22.96,22.87,-0.44,-1,377000,48,8638290
2017-06-22,23.46,23.62,23.62,23.46,0.67,1,700000,49,16482080
2017-06-23,23.48,23.47,23.48,23.46,-0.15,-1,52000,12,1220310
2017-06-26,23.59,23.64,23.7,23.59,0.17,1,500000,203,11821680
2017-06-27,23.35,23.3,23.38,23.3,-0.34,-1,367000,122,8573630
2017-06-28,22.51,22.41,22.51,22.31,-0.89,-1,756000,258,16939110
2017-06-29,23.21,23.23,23.26,23.21,0.82,1,495000,55,11501170
2017-06-30,22.25,22.29,22.29,22.12,-0.94,-1,621000,111,13790000
2017-07-03,22.34,22.39,22.39,22.33,0.1,1,284000,29,6344690
2017-07-04,21.72,21.72,21.77,21.65,-0.67,-1,656000,84,14263220
2017-07-05,21.72,21.78,21.8,21.66,0.06,1,272000,50,5918820
2017-07-06,22.21,22.21,22.21,22.16,0.43,1,760000,66,16867710
2017-07-07,21.88,21.93,21.93,21.88,-0.28,-1,713000,41,15616620
2017-07-10,22.34,22.45,22.48,22.34,0.52,1,491000,65,10990690
2017-07-11,22.57,22.63,22.63,22.57,0.18,1,345000,46,7800540
