date,OP,CP,HP,LP,DF,RD,TV,TC,TO
2017-05-22,0.95,1.0,1.0,0.95,0.04,1,536000,16,526540
2017-05-23,1.01,1.05,1.05,1.01,0.05,1,406000,13,423530
2017-05-24,1.02,1.04,1.04,0.99,-0.01,-1,189000,13,194900
2017-05-25,1.07,1.05,1.07,0.97,0.01,1,614000,16,637050
2017-05-26,1.0,1.09,1.09,1.0,0.04,1,718000,19,762230
2017-05-31,1.17,1.25,1.25,1.15,0.16,1,1074000,15,1269530
2017-06-01,1.23,1.22,1.23,1.18,-0.03,-1,680000,10,827450
2017-06-02,1.13,1.16,1.17,1.13,-0.06,-1,450000,9,513000
2017-06-03,1.16,1.14,1.16,1.14,-0.02,-1,216000,7,246530
2017-06-05,1.16,1.13,1.17,1.13,-0.01,-1,49000,5,56500
2017-06-06,1.17,1.19,1.19,1.17,0.06,1,217000,8,257680
2017-06-07,1.18,1.18,1.18,1.17,-0.01,-1,378000,9,445120
2017-06-08,1.18,1.19,1.21,1.17,0.01,1,422000,13,503650
2017-06-09,1.19,1.22,1.22,1.19,0.03,1,631000,13,760610
2017-06-12,1.08,1.05,1.09,1.03,-0.17,-1,841000,18,884680
2017-06-13,1.02,1.01,1.03,1.01,-0.04,-1,874000,13,887170
2017-06-14,1.01,1.11,1.11,1.01,0.1,1,1311000,26,1408270
2017-06-15,1.1,1.08,1.14,1.06,-0.03,-1,1709000,24,1902460
2017-06-16,1.07,1.07,1.07,1.04,-0.01,-1,884000,15,936700
2017-06-19,1.0,0.93,1.0,0.92,-0.14,-1,1341000,15,1283710
2017-06-20,0.87,0.84,0.88,0.84,-0.09,-1,1172000,14,1012740
2017-06-21,0.85,0.79,0.85,0.79,-0.05,-1,1135000,11,941700
2017-06-22,0.81,0.79,0.81,0.79,0.0,0,358000,6,286380
2017-06-23,0.81,0.82,0.82,0.8,0.03,1,257000,4,206450
2017-06-26,0.76,0.64,0.76,0.63,-0.18,-1,685000,9,442900
2017-06-27,0.65,0.62,0.65,0.62,-0.02,-1,560000,5,363700
2017-06-28,0.64,0.64,0.66,0.63,0.02,1,393000,16,253330
2017-06-29,0.57,0.6,0.6,0.54,-0.04,-1,627000,9,356520
2017-06-30,0.62,0.62,0.62,0.62,0.02,1,100000,1,62000
2017-07-03,,,,,0.0,0,0,0,0
2017-07-04,0.48,0.5,0.5,0.48,0.0,0,496000,25,245080
2017-07-05,0.48,0.52,0.53,0.48,0.02,1,639000,13,328970
2017-07-06,0.54,0.55,0.55,0.54,0.03,1,164000,5,89500
2017-07-07,0.57,0.54,0.57,0.54,-0.01,-1,30000,3,16780
2017-07-10,0.52,0.51,0.52,0.51,-0.03,-1,105000,3,54580
2017-07-11,0.47,0.44,0.47,0.44,-0.07,-1,384000,7,174950
