date,OP,CP,HP,LP,DF,RD,TV,TC,TO
2017-05-22,,,,,0.0,0,0,0,0
2017-05-23,,,,,0.0,0,0,0,0
2017-05-24,,,,,0.0,0,0,0,0
2017-05-25,,,,,0.0,0,0,0,0
2017-05-26,,,,,0.0,0,0,0,0
2017-05-31,,,,,0.0,0,0,0,0
2017-06-01,1.36,1.34,1.36,1.34,0.0,0,13000,3,17550
2017-06-02,1.26,1.26,1.26,1.26,-0.08,-1,300000,2,378000
2017-06-03,1.15,1.14,1.16,1.14,-0.12,-1,302000,4,345920
2017-06-05,1.11,1.08,1.11,1.08,-0.06,-1,117000,5,127680
2017-06-06,1.09,1.15,1.15,1.09,0.07,1,420000,4,459000
2017-06-07,1.19,1.19,1.19,1.19,0.04,1,5000,1,5950
2017-06-08,,,,,0.0,0,0,0,0
2017-06-09,1.1,1.1,1.1,1.1,0.0,0,3000,1,3300
2017-06-12,1.34,1.33,1.34,1.32,0.23,1,108000,4,143840
2017-06-13,1.49,1.41,1.49,1.41,0.08,1,46000,4,68040
2017-06-14,1.34,1.42,1.42,1.34,0.01,1,16000,2,21920
2017-06-15,,,,,0.0,0,0,0,0
2017-06-16,1.16,1.15,1.16,1.15,0.0,0,23000,2,26480
2017-06-19,0.91,0.74,0.91,0.74,-0.41,-1,502000,11,410360
2017-06-20,0.61,0.49,0.61,0.47,-0.25,-1,1173000,25,602910
2017-06-21,0.54,0.57,0.57,0.51,0.08,1,1020000,13,538410
2017-06-22,0.53,0.6,0.6,0.53,0.03,1,227000,4,124560
2017-06-23,0.53,0.56,0.56,0.53,-0.04,-1,135000,4,71580
2017-06-26,0.41,0.29,0.41,0.29,-0.27,-1,262000,10,83440
2017-06-27,0.26,0.27,0.28,0.26,-0.02,-1,206000,9,55390
2017-06-28,0.27,0.32,0.32,0.27,0.05,1,124000,4,36980
2017-06-29,0.3,0.3,0.3,0.3,-0.02,-1,80000,1,24000
2017-06-30,,,,,0.0,0,0,0,0
2017-07-03,,,,,0.0,0,0,0,0
2017-07-04,,,,,0.0,0,0,0,0
2017-07-05,,,,,0.0,0,0,0,0
2017-07-06,,,,,0.0,0,0,0,0
2017-07-07,,,,,0.0,0,0,0,0
2017-07-10,0.38,0.36,0.38,0.36,0.0,0,80000,4,29700
2017-07-11,0.26,0.27,0.27,0.26,-0.09,-1,80000,3,20900
