date,OP,CP,HP,LP,DF,RD,TV,TC,TO
2017-05-23,1.35,1.36,1.36,1.35,0.17,1,310000,2,418600
2017-05-24,1.35,1.35,1.35,1.35,-0.01,-1,10000,1,13500
2017-05-25,,,,,0.0,0,0,0,0
2017-05-26,,,,,0.0,0,0,0,0
2017-05-31,,,,,0.0,0,0,0,0
2017-06-01,1.31,1.31,1.31,1.31,0.0,0,225000,3,294750
2017-06-02,1.28,1.28,1.28,1.28,-0.03,-1,113000,3,144640
2017-06-03,1.32,1.32,1.32,1.32,0.04,1,8000,1,10560
2017-06-05,1.29,1.3,1.3,1.29,-0.02,-1,93000,2,120820
2017-06-06,1.22,1.23,1.24,1.22,-0.07,-1,497000,6,608100
2017-06-07,1.18,1.23,1.23,1.18,0.0,0,177000,9,215870
2017-06-08,1.21,1.13,1.21,1.13,-0.1,-1,178000,5,213660
2017-06-09,1.14,1.13,1.15,1.13,0.0,0,255000,7,288960
2017-06-12,1.17,1.18,1.2,1.16,0.05,1,250000,10,295540
2017-06-13,1.15,1.15,1.15,1.15,-0.03,-1,11000,2,12650
2017-06-14,1.09,1.16,1.2,1.09,0.01,1,121000,8,140120
2017-06-15,1.12,1.17,1.17,1.12,0.01,1,207000,6,241540
2017-06-16,1.15,1.14,1.15,1.14,-0.03,-1,209000,6,240200
2017-06-19,,,,,0.0,0,0,0,0
2017-06-20,1.0,1.07,1.07,1.0,0.0,0,23000,3,23700
2017-06-21,1.06,1.07,1.07,1.05,0.0,0,240000,5,255500
2017-06-22,0.98,0.98,0.98,0.98,-0.09,-1,150000,7,147000
2017-06-23,0.95,0.99,0.99,0.95,0.01,1,38000,3,37020
2017-06-26,0.97,0.93,0.97,0.93,-0.06,-1,148000,6,140200
2017-06-27,0.96,0.96,0.96,0.96,0.03,1,30000,1,28800
2017-06-28,0.97,1.02,1.02,0.97,0.06,1,303000,8,301700
2017-06-29,0.93,0.86,0.93,0.83,-0.16,-1,679000,26,586630
2017-06-30,0.88,0.77,0.89,0.77,-0.09,-1,1235000,33,1013770
2017-07-03,0.78,0.8,0.81,0.77,0.03,1,1068000,24,845530
2017-07-04,0.82,0.85,0.86,0.82,0.05,1,763000,23,640030
2017-07-05,0.85,0.83,0.9,0.83,-0.02,-1,647000,15,557880
2017-07-06,0.82,0.83,0.87,0.81,0.0,0,634000,16,525980
2017-07-07,0.83,0.82,0.83,0.79,-0.01,-1,323000,11,264270
2017-07-10,0.83,0.81,0.85,0.81,-0.01,-1,238000,8,199200
2017-07-11,0.79,0.82,0.84,0.79,0.01,1,791000,25,648770
