date,OP,CP,HP,LP,DF,RD,TV,TC,TO
2017-05-25,,,,,0,0,0,0,0
