date,OP,CP,HP,LP,DF,RD,TV,TC,TO
2017-05-22,0.55,0.55,0.55,0.54,0.01,1,497000,4,271350
2017-05-23,0.57,0.62,0.65,0.57,0.07,1,887000,13,532740
2017-05-24,0.58,0.57,0.58,0.57,-0.05,-1,817000,9,469790
2017-05-25,0.6,0.56,0.61,0.56,-0.01,-1,849000,9,494140
2017-05-26,0.53,0.52,0.54,0.52,-0.04,-1,429000,6,227130
2017-05-31,0.53,0.53,0.53,0.53,0.01,1,146000,2,77380
2017-06-01,0.53,0.52,0.54,0.52,-0.01,-1,551000,10,291040
2017-06-02,0.55,0.58,0.6,0.55,0.06,1,1016000,15,582720
2017-06-03,0.58,0.65,0.68,0.58,0.07,1,1546000,22,963620
2017-06-05,0.72,0.78,0.81,0.72,0.13,1,766000,21,584980
2017-06-06,0.76,0.8,0.86,0.73,0.02,1,1024000,14,795220
2017-06-07,0.81,0.78,0.81,0.75,-0.02,-1,1488000,21,1157310
2017-06-08,0.71,0.65,0.73,0.65,-0.13,-1,931000,13,640750
2017-06-09,0.65,0.68,0.68,0.65,0.03,1,412000,6,270160
2017-06-12,0.58,0.63,0.65,0.58,-0.05,-1,1232000,18,778940
2017-06-13,0.63,0.64,0.66,0.62,0.01,1,992000,15,634760
2017-06-14,0.62,0.56,0.62,0.55,-0.08,-1,695000,14,411160
2017-06-15,0.47,0.46,0.47,0.44,-0.1,-1,607000,7,279110
2017-06-16,,,,,0.0,0,0,0,0
2017-06-19,0.48,0.48,0.48,0.48,0.0,0,100000,1,48000
2017-06-20,0.57,0.57,0.57,0.57,0.09,1,58000,2,33060
2017-06-21,,,,,0.0,0,0,0,0
