date,OP,CP,HP,LP,DF,RD,TV,TC,TO
2017-05-22,2.45,2.6,2.69,2.45,0.28,1,83000,3,218650
2017-05-23,2.56,2.58,2.58,2.55,-0.02,-1,157000,6,402430
2017-05-24,2.73,2.7,2.8,2.7,0.12,1,79000,4,215560
2017-05-25,2.76,2.73,2.76,2.73,0.03,1,11000,3,30330
2017-05-26,,,,,0.0,0,0,0,0
2017-05-31,2.51,2.51,2.51,2.51,0.0,0,10000,1,25100
2017-06-01,,,,,0.0,0,0,0,0
2017-06-02,2.56,2.56,2.56,2.56,0.0,0,2000,1,5120
2017-06-03,3.12,3.12,3.12,3.12,0.56,1,4000,1,12480
2017-06-05,3.41,3.41,3.41,3.41,0.29,1,2000,1,6820
2017-06-06,,,,,0.0,0,0,0,0
2017-06-07,,,,,0.0,0,0,0,0
2017-06-08,3.44,3.44,3.44,3.44,0.0,0,2000,1,6880
2017-06-09,3.41,3.38,3.41,3.38,-0.06,-1,200000,4,679000
2017-06-12,3.19,3.19,3.19,3.19,-0.19,-1,50000,1,159500
2017-06-13,2.84,2.81,2.84,2.81,-0.38,-1,250000,2,707810
2017-06-14,,,,,0.0,0,0,0,0
2017-06-15,,,,,0.0,0,0,0,0
2017-06-16,,,,,0.0,0,0,0,0
2017-06-19,2.5,2.5,2.5,2.5,0.0,0,3000,1,7500
2017-06-20,,,,,0.0,0,0,0,0
2017-06-21,3.45,3.33,3.45,3.33,0.0,0,34000,4,116820
2017-06-22,3.14,3.14,3.14,3.14,-0.19,-1,10000,1,31400
2017-06-23,3.41,3.16,3.41,3.16,0.02,1,5000,2,16300
2017-06-26,,,,,0.0,0,0,0,0
2017-06-27,3.04,3.05,3.05,3.04,0.0,0,53000,2,161620
2017-06-28,2.58,2.58,2.58,2.58,-0.47,-1,50000,1,129000
2017-06-29,2.78,2.95,3.01,2.78,0.37,1,200000,4,586000
2017-06-30,,,,,0.0,0,0,0,0
2017-07-03,,,,,0.0,0,0,0,0
2017-07-04,,,,,0.0,0,0,0,0
2017-07-05,,,,,0.0,0,0,0,0
2017-07-06,,,,,0.0,0,0,0,0
2017-07-07,,,,,0.0,0,0,0,0
2017-07-10,,,,,0.0,0,0,0,0
2017-07-11,,,,,0.0,0,0,0,0
