date,OP,CP,HP,LP,DF,RD,TV,TC,TO
2017-05-22,1.15,1.14,1.15,1.14,-0.04,-1,8000,2,9190
2017-05-23,1.12,1.17,1.17,1.12,0.03,1,130000,4,150730
2017-05-24,1.2,1.19,1.2,1.19,0.02,1,217000,7,259010
2017-05-25,1.17,1.17,1.17,1.17,-0.02,-1,87000,3,101790
2017-05-26,1.24,1.24,1.24,1.21,0.07,1,61000,4,75490
2017-05-31,1.15,1.11,1.15,1.11,-0.13,-1,456000,6,512810
2017-06-01,,,,,0.0,0,0,0,0
2017-06-02,1.16,1.24,1.24,1.16,0.0,0,565000,18,681850
2017-06-03,1.18,1.19,1.2,1.15,-0.05,-1,526000,12,607560
2017-06-05,1.14,1.17,1.17,1.14,-0.02,-1,68000,2,78960
2017-06-06,1.26,1.31,1.31,1.26,0.14,1,115000,3,148150
2017-06-07,1.12,1.12,1.12,1.08,-0.19,-1,183000,4,202360
2017-06-08,1.12,1.04,1.12,1.04,-0.08,-1,199000,5,220940
2017-06-09,1.12,1.12,1.12,1.12,0.08,1,10000,1,11200
2017-06-12,1.15,1.21,1.21,1.15,0.09,1,478000,11,564330
