date,OP,CP,HP,LP,DF,RD,TV,TC,TO
2017-05-22,3.57,3.76,3.76,3.57,0.0,0,117000,7,426220
2017-05-23,3.71,3.73,3.81,3.71,-0.03,-1,169000,11,637070
2017-05-24,3.62,3.58,3.69,3.58,-0.15,-1,72000,8,261820
2017-05-25,3.13,3.19,3.29,3.13,-0.39,-1,35000,4,111100
2017-05-26,2.81,2.28,2.81,2.24,-0.91,-1,508000,25,1185500
2017-05-31,2.23,2.26,2.32,2.23,-0.02,-1,153000,11,344520
2017-06-01,2.27,2.67,2.67,2.27,0.41,1,475000,22,1163030
2017-06-02,2.71,2.86,2.89,2.64,0.19,1,566000,30,1542160
2017-06-03,2.85,2.98,2.98,2.79,0.12,1,209000,16,591870
2017-06-05,3.35,3.41,3.41,3.35,0.43,1,275000,9,923250
2017-06-06,3.28,3.12,3.28,3.02,-0.29,-1,297000,20,933630
2017-06-07,3.17,3.09,3.17,3.06,-0.03,-1,103000,5,318770
2017-06-08,3.36,3.5,3.5,3.33,0.41,1,421000,20,1432430
2017-06-09,3.54,3.54,3.57,3.5,0.04,1,337000,12,1192460
2017-06-12,3.33,3.37,3.37,3.33,-0.17,-1,107000,4,358750
2017-06-13,3.3,3.17,3.3,3.17,-0.2,-1,127000,11,411650
2017-06-14,2.76,2.76,2.76,2.76,-0.41,-1,20000,1,55200
2017-06-15,2.85,2.91,2.91,2.85,0.15,1,48000,3,137780
2017-06-16,2.81,3.24,3.24,2.78,0.33,1,74000,8,216330
2017-06-19,3.41,3.67,3.67,3.41,0.43,1,303000,15,1073600
2017-06-20,3.63,3.54,3.67,3.51,-0.13,-1,301000,15,1072050
2017-06-21,3.48,3.52,3.57,3.48,-0.02,-1,107000,8,379690
2017-06-22,3.54,3.31,3.54,3.31,-0.21,-1,117000,12,401770
2017-06-23,3.33,3.32,3.37,3.32,0.01,1,130000,6,433100
2017-06-26,3.34,3.64,3.64,3.34,0.32,1,328000,15,1143020
2017-06-27,3.55,3.41,3.55,3.36,-0.23,-1,223000,16,769790
2017-06-28,3.2,3.2,3.2,3.2,-0.21,-1,10000,1,32000
2017-06-29,3.37,3.47,3.47,3.37,0.27,1,130000,6,443420
2017-06-30,3.26,3.31,3.31,3.15,-0.16,-1,270000,13,880680
2017-07-03,3.06,3.06,3.06,3.06,-0.25,-1,5000,1,15300
2017-07-04,3.15,3.25,3.25,3.15,0.19,1,125000,4,400030
2017-07-05,3.06,3.21,3.21,3.04,-0.04,-1,345000,13,1069900
2017-07-06,3.13,3.08,3.13,3.08,-0.13,-1,200000,4,621000
2017-07-07,3.11,3.07,3.11,3.07,-0.01,-1,100000,8,307800
2017-07-10,3.17,3.29,3.29,3.17,0.22,1,111000,9,361070
2017-07-11,3.34,3.47,3.51,3.34,0.18,1,71000,11,240920
