date,OP,CP,HP,LP,DF,RD,TV,TC,TO
2017-05-22,0.67,0.67,0.67,0.67,0.02,1,20000,1,13400
2017-05-23,0.69,0.67,0.69,0.65,0.0,0,765000,6,519390
2017-05-24,,,,,0.0,0,0,0,0
2017-05-25,0.62,0.62,0.62,0.62,0.0,0,40000,2,24800
2017-05-26,0.61,0.61,0.61,0.61,-0.01,-1,10000,1,6100
2017-05-31,,,,,0.0,0,0,0,0
2017-06-01,0.5,0.5,0.5,0.5,0.0,0,10000,1,5000
2017-06-02,0.58,0.58,0.58,0.58,0.08,1,2000,2,1160
2017-06-03,,,,,0.0,0,0,0,0
2017-06-05,0.58,0.58,0.58,0.58,0.0,0,30000,1,17400
2017-06-06,0.55,0.53,0.55,0.53,-0.05,-1,12000,2,6560
2017-06-07,,,,,0.0,0,0,0,0
2017-06-08,0.52,0.51,0.52,0.51,0.0,0,110000,2,56200
2017-06-09,0.52,0.56,0.56,0.52,0.05,1,109000,2,60680
2017-06-12,0.51,0.51,0.51,0.51,-0.05,-1,30000,1,15300
2017-06-13,,,,,0.0,0,0,0,0
2017-06-14,0.42,0.41,0.42,0.4,0.0,0,270000,4,108700
2017-06-15,0.43,0.38,0.43,0.38,-0.03,-1,75000,2,28750
2017-06-16,0.39,0.4,0.4,0.39,0.02,1,80000,3,31600
2017-06-19,0.42,0.45,0.45,0.42,0.05,1,20000,3,8850
2017-06-20,0.5,0.5,0.5,0.5,0.05,1,140000,3,70000
2017-06-21,0.51,0.47,0.51,0.47,-0.03,-1,70000,2,34100
2017-06-22,0.49,0.49,0.49,0.48,0.02,1,50000,3,24200
2017-06-23,0.56,0.56,0.56,0.55,0.07,1,105000,3,58200
2017-06-26,0.56,0.57,0.58,0.55,0.01,1,65000,4,36300
2017-06-27,0.58,0.58,0.58,0.58,0.01,1,107000,2,62060
2017-06-28,0.46,0.46,0.46,0.46,-0.12,-1,30000,1,13800
2017-06-29,0.48,0.51,0.51,0.48,0.05,1,51000,2,24510
2017-06-30,,,,,0.0,0,0,0,0
2017-07-03,0.36,0.36,0.36,0.36,0.0,0,50000,1,18000
2017-07-04,,,,,0.0,0,0,0,0
2017-07-05,0.36,0.38,0.38,0.36,0.0,0,7000,2,2620
2017-07-06,0.47,0.47,0.47,0.47,0.09,1,5000,1,2350
2017-07-07,,,,,0.0,0,0,0,0
2017-07-10,,,,,0.0,0,0,0,0
2017-07-11,0.71,0.78,0.78,0.71,0.0,0,440000,7,323600
