date,OP,CP,HP,LP,DF,RD,TV,TC,TO
2017-05-22,0.77,0.77,0.77,0.77,-0.05,-1,30000,1,23100
2017-05-23,,,,,0.0,0,0,0,0
2017-05-24,,,,,0.0,0,0,0,0
2017-05-25,0.75,0.72,0.75,0.72,0.0,0,296000,3,215100
2017-05-26,0.73,0.73,0.73,0.69,0.01,1,373000,11,267880
2017-05-31,0.6,0.61,0.61,0.58,-0.12,-1,77000,4,45440
2017-06-01,,,,,0.0,0,0,0,0
2017-06-02,,,,,0.0,0,0,0,0
2017-06-03,,,,,0.0,0,0,0,0
2017-06-05,,,,,0.0,0,0,0,0
2017-06-06,,,,,0.0,0,0,0,0
2017-06-07,,,,,0.0,0,0,0,0
2017-06-08,0.52,0.52,0.52,0.52,0.0,0,329000,1,171080
2017-06-09,,,,,0.0,0,0,0,0
2017-06-12,0.57,0.57,0.57,0.57,0.0,0,28000,1,15960
2017-06-13,0.58,0.59,0.59,0.58,0.02,1,347000,5,204450
2017-06-14,0.57,0.57,0.57,0.57,-0.02,-1,319000,3,181830
2017-06-15,,,,,0.0,0,0,0,0
2017-06-16,,,,,0.0,0,0,0,0
2017-06-19,0.56,0.6,0.6,0.56,0.0,0,1019000,8,587240
2017-06-20,0.62,0.66,0.66,0.61,0.06,1,1444000,18,899380
2017-06-21,0.62,0.68,0.68,0.61,0.02,1,907000,15,581020
2017-06-22,0.65,0.68,0.68,0.64,0.0,0,954000,14,627110
2017-06-23,0.62,0.63,0.63,0.62,-0.05,-1,626000,9,391390
2017-06-26,0.72,0.78,0.8,0.72,0.15,1,1959000,49,1470720
2017-06-27,0.82,0.78,0.82,0.71,0.0,0,1792000,58,1353990
2017-06-28,0.74,0.77,0.77,0.73,-0.01,-1,401000,22,300680
2017-06-29,0.85,0.78,0.89,0.77,0.01,1,946000,30,765590
2017-06-30,0.77,0.74,0.77,0.72,-0.04,-1,1058000,21,795940
2017-07-03,0.77,0.78,0.78,0.75,0.04,1,1131000,15,865830
2017-07-04,0.85,0.88,0.92,0.85,0.1,1,1310000,25,1141460
2017-07-05,0.88,0.82,0.88,0.82,-0.06,-1,827000,13,719470
2017-07-06,0.78,0.77,0.78,0.77,-0.05,-1,120000,2,93000
2017-07-07,0.75,0.75,0.75,0.75,-0.02,-1,30000,1,22500
2017-07-10,0.77,0.78,0.78,0.77,0.03,1,180000,2,140100
2017-07-11,0.84,0.89,0.89,0.84,0.11,1,1062000,17,917890
