date,OP,CP,HP,LP,DF,RD,TV,TC,TO
2017-05-22,0.97,0.95,0.97,0.95,-0.07,-1,60000,3,57800
2017-05-23,0.94,0.96,0.96,0.93,0.01,1,752000,8,707660
2017-05-24,0.97,0.98,0.99,0.97,0.02,1,795000,7,784000
2017-05-25,1.03,1.32,1.32,1.02,0.34,1,2140000,59,2361030
2017-05-26,1.41,1.47,1.62,1.31,0.15,1,2140000,49,3035950
2017-05-31,1.57,1.36,1.57,1.32,-0.11,-1,349000,20,499690
2017-06-01,1.39,1.36,1.39,1.36,0.0,0,29000,4,39670
2017-06-02,1.34,1.36,1.4,1.34,0.0,0,380000,8,517510
2017-06-03,1.35,1.3,1.35,1.3,-0.06,-1,353000,7,469520
2017-06-05,1.27,1.27,1.27,1.16,-0.03,-1,104000,12,127410
2017-06-06,1.26,1.25,1.26,1.19,-0.02,-1,458000,11,562000
2017-06-07,1.23,1.37,1.37,1.23,0.12,1,858000,17,1092330
2017-06-08,1.32,1.22,1.32,1.22,-0.15,-1,854000,10,1110010
2017-06-09,1.17,1.15,1.17,1.12,-0.07,-1,760000,15,881730
2017-06-12,1.1,1.09,1.1,1.07,-0.06,-1,456000,9,495130
