date,OP,CP,HP,LP,DF,RD,TV,TC,TO
2017-05-22,,,,,0.0,0,0,0,0
2017-05-23,1.12,1.09,1.12,1.09,0.0,0,84000,2,91890
2017-05-24,1.1,1.14,1.14,1.09,0.05,1,168000,4,187490
2017-05-25,1.22,1.23,1.24,1.2,0.09,1,123000,5,150260
2017-05-26,1.2,1.2,1.2,1.2,-0.03,-1,39000,2,46800
2017-05-31,,,,,0.0,0,0,0,0
2017-06-01,,,,,0.0,0,0,0,0
2017-06-02,,,,,0.0,0,0,0,0
2017-06-03,,,,,0.0,0,0,0,0
2017-06-05,,,,,0.0,0,0,0,0
2017-06-06,1.1,1.2,1.2,1.1,0.0,0,354000,8,404080
2017-06-07,1.09,1.08,1.09,1.07,-0.12,-1,154000,3,166150
2017-06-08,,,,,0.0,0,0,0,0
2017-06-09,,,,,0.0,0,0,0,0
2017-06-12,0.96,0.96,0.96,0.96,0.0,0,100000,1,96000
2017-06-13,,,,,0.0,0,0,0,0
2017-06-14,0.79,0.79,0.79,0.79,0.0,0,89000,1,70310
2017-06-15,0.83,0.84,0.84,0.83,0.05,1,90000,2,74710
2017-06-16,0.76,0.76,0.76,0.76,-0.08,-1,1000,1,760
2017-06-19,0.75,0.75,0.75,0.75,-0.01,-1,93000,1,69750
2017-06-20,0.79,0.79,0.79,0.79,0.04,1,93000,1,73470
2017-06-21,,,,,0.0,0,0,0,0
2017-06-22,,,,,0.0,0,0,0,0
2017-06-23,0.8,0.8,0.8,0.8,0.0,0,6000,1,4800
2017-06-26,0.7,0.7,0.7,0.7,-0.1,-1,6000,1,4200
2017-06-27,0.61,0.61,0.61,0.61,-0.09,-1,10000,1,6100
2017-06-28,0.63,0.67,0.67,0.63,0.06,1,17000,2,10990
2017-06-29,0.65,0.65,0.65,0.65,-0.02,-1,7000,1,4550
2017-06-30,0.69,0.68,0.69,0.68,0.03,1,106000,2,72140
2017-07-03,0.66,0.66,0.66,0.66,-0.02,-1,6000,1,3960
2017-07-04,,,,,0.0,0,0,0,0
2017-07-05,,,,,0.0,0,0,0,0
2017-07-06,,,,,0.0,0,0,0,0
2017-07-07,,,,,0.0,0,0,0,0
2017-07-10,0.51,0.51,0.51,0.51,0.0,0,50000,1,25500
2017-07-11,0.31,0.29,0.31,0.29,-0.22,-1,210000,5,61080
