date,OP,CP,HP,LP,DF,RD,TV,TC,TO
2017-05-22,1.19,1.18,1.23,1.18,-0.06,-1,351000,9,423010
2017-05-23,1.16,1.09,1.16,1.08,-0.09,-1,493000,20,549700
2017-05-24,1.09,1.11,1.15,1.07,0.02,1,250000,11,269600
2017-05-25,1.14,1.1,1.16,1.1,-0.01,-1,92000,10,104720
2017-05-26,1.02,1.01,1.03,0.98,-0.09,-1,124000,8,125400
2017-05-31,0.86,0.87,0.87,0.84,-0.14,-1,232000,8,198800
2017-06-01,0.92,0.92,0.94,0.87,0.05,1,249000,6,225890
2017-06-02,0.97,0.97,0.98,0.97,0.05,1,251000,8,243680
2017-06-03,0.92,0.91,0.92,0.91,-0.06,-1,30000,2,27500
2017-06-05,0.83,0.85,0.85,0.83,-0.06,-1,97000,6,81150
2017-06-06,0.92,0.92,0.92,0.92,0.07,1,21000,2,19320
2017-06-07,0.93,1.01,1.09,0.93,0.09,1,637000,17,635350
2017-06-08,0.99,1.05,1.05,0.95,0.04,1,1862000,47,1903130
2017-06-09,1.1,0.98,1.15,0.98,-0.07,-1,1492000,52,1614020
2017-06-12,0.9,0.9,0.9,0.9,-0.08,-1,200000,2,180000
2017-06-13,1.13,1.06,1.17,1.04,0.16,1,1877000,24,2020000
2017-06-14,1.09,0.97,1.09,0.94,-0.09,-1,1715000,17,1770250
2017-06-15,0.9,0.93,0.93,0.84,-0.04,-1,695000,11,617250
2017-06-16,0.91,0.93,0.93,0.91,0.0,0,511000,8,472920
2017-06-19,1.22,1.15,1.22,1.13,0.22,1,803000,18,936010
2017-06-20,1.12,0.99,1.13,0.97,-0.16,-1,987000,21,1021580
2017-06-21,0.99,1.0,1.02,0.95,0.01,1,1029000,14,1002510
2017-06-22,1.03,0.98,1.03,0.97,-0.02,-1,719000,8,721060
2017-06-23,0.93,0.93,0.93,0.93,-0.05,-1,10000,1,9300
2017-06-26,0.86,0.91,0.91,0.86,-0.02,-1,356000,8,312480
2017-06-27,0.88,0.89,0.94,0.85,-0.02,-1,456000,11,405720
2017-06-28,0.83,0.77,0.84,0.71,-0.12,-1,950000,17,728130
2017-06-29,0.79,0.79,0.83,0.79,0.02,1,666000,8,527860
2017-06-30,0.71,0.71,0.71,0.71,-0.08,-1,530000,8,376300
2017-07-03,0.79,0.75,0.79,0.75,0.04,1,47000,6,35940
2017-07-04,0.75,0.71,0.82,0.71,-0.04,-1,530000,14,405300
2017-07-05,0.72,0.67,0.72,0.67,-0.04,-1,240000,7,166400
2017-07-06,0.72,0.76,0.81,0.69,0.09,1,875000,21,645820
2017-07-07,0.7,0.73,0.73,0.68,-0.03,-1,512000,22,361460
2017-07-10,0.66,0.6,0.66,0.6,-0.13,-1,410000,6,263100
2017-07-11,0.63,0.62,0.65,0.62,0.02,1,398000,9,249900
