date,OP,CP,HP,LP,DF,RD,TV,TC,TO
2017-05-22,2.13,2.1,2.15,2.03,-0.01,-1,341000,11,711480
2017-05-23,2.12,2.17,2.3,2.12,0.07,1,495000,19,1085750
2017-05-24,2.14,2.08,2.17,2.08,-0.09,-1,548000,25,1168190
2017-05-25,2.04,1.93,2.05,1.93,-0.15,-1,302000,16,594680
2017-05-26,1.91,1.93,2.01,1.91,0.0,0,422000,17,820520
2017-05-31,1.97,1.9,1.97,1.9,-0.03,-1,131000,7,255960
2017-06-01,1.91,2.04,2.04,1.91,0.14,1,655000,10,1306970
2017-06-02,2.33,2.65,2.8,2.29,0.61,1,1672000,77,4281650
2017-06-03,2.56,2.58,2.6,2.4,-0.07,-1,455000,32,1157950
2017-06-05,2.67,2.81,3.24,2.59,0.23,1,1060000,49,2952910
2017-06-06,2.66,2.74,2.74,2.63,-0.07,-1,293000,39,785060
2017-06-07,2.81,2.55,2.81,2.43,-0.19,-1,260000,20,649190
2017-06-08,2.51,2.5,2.62,2.5,-0.05,-1,267000,12,682030
2017-06-09,2.6,2.55,2.63,2.51,0.05,1,150000,12,378670
2017-06-12,2.41,2.41,2.53,2.41,-0.14,-1,335000,8,810020
2017-06-13,2.45,2.34,2.45,2.32,-0.07,-1,156000,8,367420
2017-06-14,2.36,2.03,2.36,2.03,-0.31,-1,97000,10,222390
2017-06-15,2.14,2.37,2.4,2.13,0.34,1,169000,8,378660
2017-06-16,2.36,2.45,2.45,2.33,0.08,1,172000,14,407220
2017-06-19,2.41,2.65,2.71,2.38,0.2,1,322000,24,828290
2017-06-20,2.65,2.58,2.75,2.51,-0.07,-1,251000,20,661180
2017-06-21,2.54,2.7,2.85,2.48,0.12,1,416000,21,1099820
2017-06-22,2.96,2.69,3.05,2.69,-0.01,-1,385000,22,1088830
2017-06-23,2.54,2.49,2.62,2.49,-0.2,-1,68000,7,172010
2017-06-26,2.45,2.58,2.64,2.45,0.09,1,145000,14,373500
2017-06-27,2.6,2.54,2.6,2.54,-0.04,-1,120000,5,310100
2017-06-28,2.42,2.22,2.42,2.19,-0.32,-1,336000,21,779840
2017-06-29,2.26,2.13,2.26,2.1,-0.09,-1,246000,17,542230
2017-06-30,1.99,2.27,2.27,1.94,0.14,1,115000,9,241750
2017-07-03,2.1,2.05,2.1,2.05,-0.22,-1,79000,4,164950
2017-07-04,2.01,2.01,2.06,2.01,-0.04,-1,70000,6,142200
2017-07-05,2.02,2.07,2.23,2.02,0.06,1,121000,6,255940
2017-07-06,2.07,2.06,2.07,2.01,-0.01,-1,52000,4,106220
2017-07-07,2.09,2.09,2.09,2.09,0.03,1,10000,1,20900
2017-07-10,2.03,1.98,2.03,1.98,-0.11,-1,30000,2,60400
2017-07-11,2.12,2.24,2.33,2.12,0.26,1,67000,9,149510
