date,OP,CP,HP,LP,DF,RD,TV,TC,TO
2017-05-22,1.59,1.59,1.59,1.59,0.09,1,10000,1,15900
2017-05-23,1.59,1.57,1.59,1.57,-0.02,-1,40000,2,63200
2017-05-24,1.54,1.54,1.54,1.54,-0.03,-1,30000,2,46200
2017-05-25,1.5,1.5,1.5,1.5,-0.04,-1,2000,1,3000
2017-05-26,1.15,1.05,1.15,1.05,-0.45,-1,266000,10,287050
2017-05-31,1.08,1.04,1.08,1.03,-0.01,-1,1026000,22,1063500
2017-06-01,1.03,1.19,1.19,1.03,0.15,1,2936000,52,3283240
2017-06-02,1.21,1.26,1.26,1.19,0.07,1,1606000,35,1935260
2017-06-03,1.26,1.3,1.31,1.26,0.04,1,396000,8,500020
2017-06-05,1.41,1.48,1.48,1.41,0.18,1,142000,10,206940
2017-06-06,1.4,1.37,1.4,1.37,-0.11,-1,90000,2,125400
2017-06-07,1.37,1.37,1.37,1.37,0.0,0,40000,2,54800
2017-06-08,1.48,1.46,1.52,1.44,0.09,1,37000,6,55340
2017-06-09,1.53,1.5,1.55,1.5,0.04,1,61000,6,93200
2017-06-12,1.41,1.48,1.48,1.41,-0.02,-1,4000,2,5780
2017-06-13,,,,,0.0,0,0,0,0
2017-06-14,,,,,0.0,0,0,0,0
2017-06-15,,,,,0.0,0,0,0,0
2017-06-16,1.46,1.44,1.46,1.44,0.0,0,11000,2,15860
2017-06-19,1.5,1.54,1.58,1.5,0.1,1,12000,3,18840
2017-06-20,1.55,1.54,1.55,1.54,0.0,0,11000,2,17040
2017-06-21,1.51,1.53,1.53,1.51,-0.01,-1,15000,2,22750
2017-06-22,,,,,0.0,0,0,0,0
2017-06-23,,,,,0.0,0,0,0,0
2017-06-26,1.56,1.58,1.6,1.51,0.0,0,77000,12,120580
2017-06-27,1.54,1.52,1.54,1.49,-0.06,-1,53000,7,80670
2017-06-28,1.45,1.45,1.45,1.45,-0.07,-1,85000,2,123250
2017-06-29,1.53,1.53,1.53,1.53,0.08,1,10000,1,15300
2017-06-30,1.44,1.47,1.47,1.44,-0.06,-1,14000,3,20280
2017-07-03,1.41,1.41,1.41,1.41,-0.06,-1,50000,5,70500
2017-07-04,1.44,1.44,1.45,1.43,0.03,1,80000,8,115200
2017-07-05,1.39,1.39,1.39,1.39,-0.05,-1,2000,1,2780
2017-07-06,1.4,1.44,1.44,1.4,0.05,1,13000,2,18600
2017-07-07,,,,,0.0,0,0,0,0
2017-07-10,1.53,1.48,1.53,1.47,0.0,0,70000,8,103800
2017-07-11,1.6,1.54,1.6,1.54,0.06,1,102000,8,160880
