date,OP,CP,HP,LP,DF,RD,TV,TC,TO
2017-05-22,1.08,1.1,1.1,1.03,-0.03,-1,474000,17,502510
2017-05-23,1.14,1.15,1.19,1.12,0.05,1,951000,18,1090620
2017-05-24,1.16,1.15,1.18,1.14,0.0,0,590000,16,686620
2017-05-25,1.13,1.11,1.14,1.1,-0.04,-1,508000,12,565630
2017-05-26,1.07,1.04,1.07,1.04,-0.07,-1,479000,9,508820
2017-05-31,1.08,1.13,1.26,1.08,0.09,1,1597000,33,1853590
2017-06-01,1.04,1.06,1.06,1.0,-0.07,-1,1182000,25,1214340
2017-06-02,1.18,1.19,1.19,1.15,0.13,1,516000,11,606450
2017-06-03,1.17,1.5,1.53,1.17,0.31,1,1179000,58,1579580
2017-06-05,1.42,1.41,1.5,1.36,-0.09,-1,933000,32,1339270
2017-06-06,1.41,1.38,1.57,1.38,-0.03,-1,268000,19,399420
2017-06-07,1.33,1.13,1.38,1.12,-0.25,-1,358000,21,450940
2017-06-08,1.16,1.17,1.2,1.15,0.04,1,182000,9,214680
2017-06-09,1.17,1.14,1.21,1.14,-0.03,-1,178000,6,209290
2017-06-12,1.0,0.93,1.0,0.91,-0.21,-1,58000,3,55850
2017-06-13,0.95,0.94,0.95,0.93,0.01,1,108000,4,100570
2017-06-14,0.91,0.8,0.92,0.8,-0.14,-1,129000,4,115270
2017-06-15,0.88,0.88,0.88,0.88,0.08,1,10000,1,8800
2017-06-16,0.86,0.86,0.86,0.86,-0.02,-1,15000,1,12900
2017-06-19,0.95,0.95,0.95,0.95,0.09,1,10000,1,9500
2017-06-20,0.93,0.93,0.93,0.93,-0.02,-1,10000,1,9300
2017-06-21,,,,,0.0,0,0,0,0
2017-06-22,0.89,0.89,0.89,0.89,0.0,0,20000,1,17800
2017-06-23,,,,,0.0,0,0,0,0
2017-06-26,0.75,0.75,0.75,0.75,0.0,0,220000,2,165000
2017-06-27,0.84,0.9,0.9,0.82,0.15,1,559000,11,483650
2017-06-28,0.82,0.9,0.9,0.8,0.0,0,445000,9,378180
2017-06-29,0.97,1.08,1.08,0.94,0.18,1,549000,22,552390
2017-06-30,0.84,0.82,0.84,0.73,-0.26,-1,456000,23,362190
2017-07-03,0.77,0.9,0.91,0.77,0.08,1,370000,7,302300
2017-07-04,0.92,0.95,1.01,0.89,0.05,1,731000,24,693410
2017-07-05,0.97,0.94,0.97,0.92,-0.01,-1,488000,18,456890
2017-07-06,0.87,0.85,0.87,0.85,-0.09,-1,40000,2,34400
2017-07-07,0.9,0.9,0.9,0.9,0.05,1,100000,1,90000
2017-07-10,0.86,0.86,0.86,0.85,-0.04,-1,100000,3,85780
2017-07-11,0.93,0.97,0.97,0.93,0.11,1,200000,5,191600
