date,OP,CP,HP,LP,DF,RD,TV,TC,TO
2017-05-22,0.93,0.93,0.93,0.93,0.0,0,22000,2,20460
2017-05-23,1.0,1.02,1.07,1.0,0.09,1,203000,7,214380
2017-05-24,0.92,0.91,0.92,0.91,-0.11,-1,170000,3,155600
2017-05-25,,,,,0.0,0,0,0,0
2017-05-26,0.88,0.88,0.88,0.88,0.0,0,20000,1,17600
2017-05-31,,,,,0.0,0,0,0,0
2017-06-01,0.87,0.89,0.89,0.86,0.0,0,91000,6,78710
2017-06-02,0.99,1.0,1.05,0.97,0.11,1,420000,15,429000
2017-06-03,0.96,0.9,0.96,0.9,-0.1,-1,273000,7,255840
2017-06-05,0.86,0.85,0.86,0.83,-0.05,-1,42000,8,35650
2017-06-06,0.84,0.93,0.95,0.83,0.08,1,844000,26,772800
2017-06-07,0.86,0.82,0.86,0.82,-0.11,-1,451000,12,375780
2017-06-08,0.87,0.88,0.88,0.86,0.06,1,202000,6,175290
2017-06-09,0.89,0.93,0.93,0.87,0.05,1,605000,16,546370
2017-06-12,0.84,0.86,0.86,0.8,-0.07,-1,440000,9,376600
2017-06-13,0.83,0.98,1.04,0.83,0.12,1,290000,13,265750
2017-06-14,0.97,0.81,0.99,0.81,-0.17,-1,429000,19,385490
2017-06-15,0.76,0.82,0.84,0.76,0.01,1,10000,3,8240
2017-06-16,0.27,0.84,0.99,0.27,0.02,1,5000,3,3780
2017-06-19,0.88,0.89,0.9,0.88,0.05,1,175000,26,155800
2017-06-20,0.92,0.98,1.08,0.92,0.09,1,163000,7,168140
2017-06-21,0.89,0.89,0.89,0.89,-0.09,-1,5000,1,4450
2017-06-22,0.98,1.13,1.13,0.98,0.24,1,44000,3,46480
2017-06-23,1.18,1.1,1.18,1.1,-0.03,-1,19000,3,21720
2017-06-26,,,,,0.0,0,0,0,0
2017-06-27,1.31,1.18,1.31,1.18,0.0,0,55000,6,68100
2017-06-28,1.18,1.18,1.18,1.18,0.0,0,5000,1,5900
2017-06-29,,,,,0.0,0,0,0,0
2017-06-30,,,,,0.0,0,0,0,0
2017-07-03,1.21,1.28,1.32,1.21,0.0,0,349000,8,444390
2017-07-04,1.23,1.18,1.24,1.16,-0.1,-1,379000,14,443670
2017-07-05,1.15,1.08,1.15,1.08,-0.1,-1,70000,6,76800
2017-07-06,1.04,1.03,1.06,1.03,-0.05,-1,60000,3,62900
2017-07-07,,,,,0.0,0,0,0,0
2017-07-10,,,,,0.0,0,0,0,0
2017-07-11,,,,,0.0,0,0,0,0
