date,OP,CP,HP,LP,DF,RD,TV,TC,TO
2017-05-22,1.86,2.07,2.07,1.81,0.14,1,324000,19,639920
2017-05-23,2.12,2.7,2.7,2.09,0.63,1,1035000,58,2395940
2017-05-24,2.42,2.46,2.5,2.23,-0.24,-1,580000,63,1383380
2017-05-25,2.36,2.27,2.36,2.27,-0.19,-1,36000,2,81900
2017-05-26,,,,,0.0,0,0,0,0
2017-05-31,,,,,0.0,0,0,0,0
2017-06-01,1.77,1.63,1.77,1.63,0.0,0,8000,2,13600
2017-06-02,,,,,0.0,0,0,0,0
2017-06-03,1.55,1.55,1.55,1.55,0.0,0,20000,1,31000
2017-06-05,,,,,0.0,0,0,0,0
2017-06-06,,,,,0.0,0,0,0,0
2017-06-07,1.76,1.76,1.76,1.76,0.0,0,2000,1,3520
2017-06-08,1.8,2.0,2.03,1.8,0.24,1,118000,5,216240
2017-06-09,2.23,2.22,2.81,2.15,0.22,1,414000,22,1027660
2017-06-12,2.39,2.48,2.56,2.13,0.26,1,346000,20,840050
2017-06-13,2.61,2.61,2.81,2.56,0.13,1,175000,11,468200
2017-06-14,2.68,2.66,2.68,2.4,0.05,1,71000,6,186960
2017-06-15,2.64,2.64,2.64,2.64,-0.02,-1,6000,1,15840
2017-06-16,2.53,2.51,2.59,2.51,-0.13,-1,13000,6,32930
2017-06-19,2.49,2.39,2.54,2.34,-0.12,-1,76000,9,183840
2017-06-20,2.33,2.23,2.33,2.2,-0.16,-1,261000,19,584070
2017-06-21,2.31,2.41,2.47,2.29,0.18,1,169000,9,394610
2017-06-22,2.48,2.17,2.48,2.17,-0.24,-1,176000,18,422270
2017-06-23,2.08,1.9,2.08,1.83,-0.27,-1,48000,7,92030
2017-06-26,1.98,1.98,1.98,1.92,0.08,1,129000,4,254520
2017-06-27,2.2,2.25,2.25,2.2,0.27,1,23000,3,50850
2017-06-28,2.32,2.32,2.32,2.32,0.07,1,5000,1,11600
2017-06-29,2.25,2.2,2.25,2.2,-0.12,-1,15000,3,33500
2017-06-30,2.09,2.09,2.09,2.09,-0.11,-1,5000,1,10450
2017-07-03,2.07,2.07,2.07,2.07,-0.02,-1,5000,1,10350
2017-07-04,2.42,2.55,2.55,2.41,0.48,1,23000,7,56480
2017-07-05,2.28,2.26,2.28,2.26,-0.29,-1,55000,2,124400
2017-07-06,2.18,2.34,2.34,2.18,0.08,1,86000,4,190940
2017-07-07,2.36,2.36,2.36,2.36,0.02,1,2000,1,4720
2017-07-10,2.26,2.1,2.26,2.1,-0.26,-1,71000,8,152110
2017-07-11,,,,,0.0,0,0,0,0
