date,OP,CP,HP,LP,DF,RD,TV,TC,TO
2017-05-22,,,,,0.0,0,0,0,0
2017-05-23,0.99,0.99,0.99,0.99,0.0,0,89000,2,88110
2017-05-24,1.12,1.22,1.22,1.12,0.23,1,202000,5,240890
2017-05-25,1.19,1.21,1.21,1.17,-0.01,-1,110000,4,130900
2017-05-26,1.21,1.26,1.26,1.21,0.05,1,146000,5,180100
2017-05-31,1.19,1.18,1.23,1.18,-0.08,-1,262000,6,316750
2017-06-01,1.24,1.24,1.24,1.24,0.06,1,100000,2,124000
2017-06-02,1.17,1.16,1.17,1.16,-0.08,-1,51000,2,59170
2017-06-03,1.13,1.13,1.13,1.13,-0.03,-1,50000,1,56500
2017-06-05,1.16,1.18,1.18,1.16,0.05,1,13000,2,15200
2017-06-06,1.18,1.18,1.18,1.18,0.0,0,1000,1,1180
2017-06-07,1.11,1.12,1.13,1.11,-0.06,-1,200000,3,225190
2017-06-08,1.08,1.09,1.1,1.08,-0.03,-1,342000,5,374230
2017-06-09,1.05,1.05,1.05,1.05,-0.04,-1,146000,1,153300
2017-06-12,,,,,0.0,0,0,0,0
2017-06-13,0.99,0.99,0.99,0.99,0.0,0,50000,1,49500
2017-06-14,0.96,0.96,0.96,0.96,-0.03,-1,50000,1,48000
2017-06-15,0.8,0.79,0.8,0.79,-0.17,-1,16000,2,12790
2017-06-16,0.85,0.85,0.85,0.85,0.06,1,176000,2,149600
2017-06-19,0.82,0.85,0.87,0.82,0.0,0,207000,5,173410
2017-06-20,0.84,0.87,0.87,0.84,0.02,1,296000,3,252510
2017-06-21,0.82,0.86,0.86,0.82,-0.01,-1,296000,3,249400
2017-06-22,0.88,0.95,0.95,0.88,0.09,1,200000,3,176070
2017-06-23,0.93,0.93,0.93,0.93,-0.02,-1,214000,3,199020
2017-06-26,0.96,1.0,1.0,0.96,0.07,1,123000,4,119540
2017-06-27,0.99,0.99,0.99,0.99,-0.01,-1,61000,1,60390
2017-06-28,1.15,1.08,1.15,1.08,0.09,1,67000,4,76780
2017-06-29,1.08,1.1,1.1,1.08,0.02,1,56000,2,61580
2017-06-30,1.08,0.94,1.08,0.94,-0.16,-1,65000,2,68800
2017-07-03,1.03,1.03,1.03,1.03,0.09,1,20000,2,20600
2017-07-04,,,,,0.0,0,0,0,0
2017-07-05,,,,,0.0,0,0,0,0
2017-07-06,,,,,0.0,0,0,0,0
2017-07-07,,,,,0.0,0,0,0,0
2017-07-10,,,,,0.0,0,0,0,0
2017-07-11,,,,,0.0,0,0,0,0
