date,OP,CP,HP,LP,DF,RD,TV,TC,TO
2017-05-22,1.16,1.32,1.32,1.16,0.25,1,72000,8,85670
2017-05-23,1.24,1.3,1.3,1.24,-0.02,-1,5000,3,6260
2017-05-24,,,,,0.0,0,0,0,0
2017-05-25,,,,,0.0,0,0,0,0
2017-05-26,1.09,1.18,1.18,1.06,0.0,0,46000,4,49680
2017-05-31,1.07,1.12,1.12,1.07,-0.06,-1,210000,9,226200
2017-06-01,1.11,1.11,1.11,1.07,-0.01,-1,280000,9,306300
2017-06-02,1.15,1.09,1.15,1.09,-0.02,-1,39000,3,42990
2017-06-03,1.13,1.17,1.17,1.12,0.08,1,373000,10,423620
2017-06-05,1.2,1.26,1.38,1.15,0.09,1,1116000,52,1413250
2017-06-06,1.26,1.18,1.26,1.17,-0.08,-1,945000,41,1131030
2017-06-07,1.14,1.07,1.17,1.03,-0.11,-1,344000,19,390190
2017-06-08,1.09,1.11,1.17,1.09,0.04,1,1872000,29,2119670
2017-06-09,1.28,1.14,1.42,1.1,0.03,1,1099000,58,1446940
2017-06-12,1.05,1.16,1.19,1.05,0.02,1,1594000,25,1844220
2017-06-13,1.22,1.11,1.33,1.11,-0.05,-1,654000,34,829480
2017-06-14,1.15,1.04,1.15,1.02,-0.07,-1,744000,34,787410
2017-06-15,1.0,1.0,1.04,0.97,-0.04,-1,406000,12,405560
2017-06-16,1.0,1.0,1.02,1.0,0.0,0,94000,6,94300
2017-06-19,1.05,1.06,1.08,1.02,0.06,1,297000,18,313450
2017-06-20,1.06,0.98,1.08,0.98,-0.08,-1,759000,31,771160
2017-06-21,1.0,1.04,1.04,1.0,0.06,1,123000,4,126960
2017-06-22,1.06,1.05,1.06,1.03,0.01,1,499000,17,517780
2017-06-23,1.07,1.08,1.17,1.07,0.03,1,606000,23,666930
2017-06-26,1.1,1.11,1.11,1.09,0.03,1,932000,21,1031880
2017-06-27,1.19,1.13,1.19,1.13,0.02,1,680000,20,792910
2017-06-28,1.12,1.0,1.14,0.99,-0.13,-1,797000,28,820400
2017-06-29,1.04,1.0,1.08,1.0,0.0,0,1021000,29,1055400
2017-06-30,0.96,1.02,1.02,0.94,0.02,1,538000,28,521320
2017-07-03,1.0,0.93,1.0,0.91,-0.09,-1,573000,20,542230
2017-07-04,0.92,0.94,0.96,0.91,0.01,1,636000,21,592720
2017-07-05,0.95,0.9,0.95,0.84,-0.04,-1,720000,34,648450
2017-07-06,0.92,0.92,0.94,0.91,0.02,1,83000,7,76730
2017-07-07,0.9,0.94,0.94,0.9,0.02,1,816000,13,745150
2017-07-10,1.0,0.88,1.0,0.88,-0.06,-1,783000,13,744420
2017-07-11,0.89,0.91,0.94,0.89,0.03,1,289000,13,263380
