date,OP,CP,HP,LP,DF,RD,TV,TC,TO
2017-05-22,0.33,0.27,0.33,0.27,-0.09,-1,137000,9,40360
2017-05-23,0.26,0.25,0.27,0.25,-0.02,-1,82000,5,21020
2017-05-24,0.35,0.45,0.48,0.35,0.2,1,1420000,43,569420
2017-05-25,0.59,0.83,0.91,0.55,0.38,1,2723000,85,1929200
2017-05-26,0.77,0.85,0.92,0.73,0.02,1,2167000,54,1771370
2017-05-31,0.85,0.86,0.89,0.78,0.01,1,1307000,45,1091020
2017-06-01,0.86,0.73,0.86,0.7,-0.13,-1,1321000,46,997530
2017-06-02,0.83,0.97,1.11,0.83,0.24,1,1864000,60,1858010
2017-06-03,1.04,1.06,1.06,0.99,0.09,1,862000,32,876830
2017-06-05,1.2,1.46,1.51,1.2,0.4,1,961000,55,1321290
2017-06-06,1.55,1.58,1.58,1.3,0.12,1,721000,29,1075230
2017-06-07,1.51,2.15,2.19,1.51,0.57,1,663000,30,1190990
2017-06-08,1.83,2.31,2.62,1.8,0.16,1,421000,38,890320
2017-06-09,2.37,2.12,2.37,2.07,-0.19,-1,379000,18,825430
2017-06-12,1.65,1.77,1.86,1.61,-0.35,-1,412000,25,719230
2017-06-13,1.78,1.66,2.05,1.62,-0.11,-1,377000,26,696990
2017-06-14,1.71,1.75,1.96,1.48,0.09,1,288000,30,489850
2017-06-15,1.8,1.88,1.88,1.67,0.13,1,341000,18,592790
2017-06-16,1.72,1.85,1.88,1.6,-0.03,-1,197000,18,348830
2017-06-19,2.39,2.19,2.39,2.14,0.34,1,367000,31,836030
2017-06-20,2.28,2.38,2.38,2.13,0.19,1,458000,30,1051430
2017-06-21,2.79,4.09,4.24,2.67,1.71,1,656000,36,2149070
2017-06-22,4.09,3.97,4.28,3.66,-0.12,-1,229000,29,873330
2017-06-23,4.06,3.33,4.06,3.33,-0.64,-1,312000,32,1120480
2017-06-26,3.22,3.63,3.71,3.08,0.3,1,193000,24,661370
2017-06-27,3.66,3.72,4.19,3.51,0.09,1,294000,28,1131300
2017-06-28,3.72,2.87,3.72,2.8,-0.85,-1,450000,38,1368450
2017-06-29,3.13,3.2,3.4,3.13,0.33,1,271000,30,895040
2017-06-30,2.66,2.44,2.66,2.21,-0.76,-1,478000,40,1148460
2017-07-03,3.02,2.98,3.32,2.86,0.54,1,222000,24,696030
2017-07-04,3.13,2.6,3.13,2.6,-0.38,-1,153000,15,445050
2017-07-05,2.64,2.74,2.76,2.35,0.14,1,508000,28,1344680
2017-07-06,2.93,2.31,2.93,2.3,-0.43,-1,868000,44,2310280
2017-07-07,1.9,1.99,2.1,1.85,-0.32,-1,231000,27,447250
2017-07-10,2.16,1.67,2.16,1.58,-0.32,-1,597000,34,1049740
2017-07-11,1.72,2.23,2.41,1.72,0.56,1,433000,26,909850
