date,OP,CP,HP,LP,DF,RD,TV,TC,TO
2017-05-22,1.15,1.25,1.29,1.14,0.2,1,2007000,49,2425690
2017-05-23,1.37,1.44,1.6,1.36,0.19,1,1952000,68,2859900
2017-05-24,1.48,1.54,1.54,1.39,0.1,1,445000,28,646330
2017-05-25,1.62,1.45,1.72,1.45,-0.09,-1,351000,28,572660
2017-05-26,1.45,1.47,1.51,1.4,0.02,1,341000,18,495790
2017-05-31,1.55,1.58,1.68,1.54,0.11,1,935000,23,1494860
2017-06-01,1.5,1.66,1.66,1.5,0.08,1,133000,6,202190
2017-06-02,1.82,1.7,1.82,1.7,0.04,1,172000,8,311170
2017-06-03,1.71,1.64,1.71,1.62,-0.06,-1,114000,7,191370
2017-06-05,1.63,1.57,1.63,1.57,-0.07,-1,251000,5,406740
2017-06-06,1.49,1.46,1.49,1.45,-0.11,-1,463000,10,677860
2017-06-07,1.49,1.6,1.64,1.49,0.14,1,633000,14,993750
2017-06-08,1.67,1.77,1.8,1.63,0.17,1,660000,18,1156960
2017-06-09,1.95,2.02,2.15,1.89,0.25,1,566000,22,1127730
2017-06-12,2.02,2.14,2.14,1.87,0.12,1,1048000,52,2159510
2017-06-13,2.03,1.87,2.06,1.87,-0.27,-1,905000,36,1759650
