date,OP,CP,HP,LP,DF,RD,TV,TC,TO
2017-05-22,0.95,0.93,0.95,0.91,-0.02,-1,332000,16,308920
2017-05-23,0.89,0.93,0.97,0.89,0.0,0,369000,13,346780
2017-05-24,0.94,0.88,0.95,0.88,-0.05,-1,223000,7,210120
2017-05-25,0.88,0.87,0.88,0.87,-0.01,-1,205000,3,180330
2017-05-26,0.85,0.76,0.85,0.76,-0.11,-1,126000,6,105050
2017-05-31,0.76,0.86,0.86,0.76,0.1,1,477000,12,385800
2017-06-01,0.79,0.83,0.83,0.73,-0.03,-1,611000,15,481220
2017-06-02,0.84,0.83,0.9,0.83,0.0,0,276000,7,237980
2017-06-03,0.83,0.81,0.83,0.8,-0.02,-1,277000,8,226590
2017-06-05,0.81,0.91,0.91,0.81,0.1,1,418000,18,360950
2017-06-06,0.93,1.03,1.06,0.91,0.12,1,1169000,61,1160570
2017-06-07,0.98,0.9,0.98,0.89,-0.13,-1,547000,52,511130
2017-06-08,0.87,0.87,0.9,0.86,-0.03,-1,51000,6,45160
2017-06-09,0.93,0.86,0.93,0.86,-0.01,-1,203000,19,181740
2017-06-12,0.79,0.76,0.84,0.75,-0.1,-1,295000,15,238370
2017-06-13,0.77,0.8,0.83,0.75,0.04,1,402000,14,324100
2017-06-14,0.79,0.79,0.8,0.73,-0.01,-1,355000,10,278870
2017-06-15,0.83,0.85,0.87,0.82,0.06,1,304000,12,258440
2017-06-16,0.9,0.93,1.01,0.9,0.08,1,1007000,46,966610
2017-06-19,0.92,0.87,0.92,0.86,-0.06,-1,759000,38,677710
2017-06-20,0.86,0.83,0.88,0.83,-0.04,-1,307000,19,265380
2017-06-21,0.82,0.92,0.96,0.81,0.09,1,505000,29,450790
2017-06-22,1.09,1.04,1.11,1.04,0.12,1,465000,29,504940
2017-06-23,1.01,0.94,1.02,0.94,-0.1,-1,548000,10,533340
2017-06-26,0.96,0.95,0.98,0.93,0.01,1,147000,15,142940
2017-06-27,0.97,0.95,0.97,0.89,0.0,0,313000,17,289870
2017-06-28,0.92,0.86,0.96,0.86,-0.09,-1,406000,9,369580
2017-06-29,0.89,0.82,0.89,0.82,-0.04,-1,15000,3,12510
2017-06-30,0.81,0.81,0.81,0.81,-0.01,-1,7000,1,5670
2017-07-03,0.82,0.82,0.82,0.82,0.01,1,149000,2,122180
2017-07-04,0.87,0.87,0.91,0.86,0.05,1,455000,19,405080
2017-07-05,0.84,0.81,0.84,0.74,-0.06,-1,309000,12,247770
2017-07-06,0.79,0.75,0.79,0.75,-0.06,-1,26000,2,19700
2017-07-07,0.76,0.77,0.77,0.76,0.02,1,62000,3,47410
2017-07-10,0.78,0.73,0.78,0.73,-0.04,-1,115000,2,84750
2017-07-11,0.71,0.75,0.75,0.71,0.02,1,447000,7,328860
