date,OP,CP,HP,LP,DF,RD,TV,TC,TO
2017-05-22,0.77,0.81,0.81,0.77,0.1,1,12000,3,9660
2017-05-23,0.75,0.75,0.75,0.75,-0.06,-1,10000,1,7500
2017-05-24,0.81,0.81,0.81,0.81,0.06,1,50000,1,40500
2017-05-25,0.78,0.77,0.78,0.76,-0.04,-1,60000,4,46000
2017-05-26,,,,,0.0,0,0,0,0
2017-05-31,,,,,0.0,0,0,0,0
2017-06-01,0.76,0.76,0.76,0.76,0.0,0,12000,2,9120
2017-06-02,0.78,0.78,0.78,0.78,0.02,1,10000,1,7800
2017-06-03,,,,,0.0,0,0,0,0
2017-06-05,0.81,0.84,0.84,0.81,0.0,0,51000,2,41340
2017-06-06,0.81,0.81,0.81,0.81,-0.03,-1,50000,1,40500
2017-06-07,0.77,0.77,0.77,0.77,-0.04,-1,20000,1,15400
2017-06-08,0.81,0.8,0.81,0.8,0.03,1,30000,2,24200
2017-06-09,0.77,0.77,0.77,0.77,-0.03,-1,10000,1,7700
2017-06-12,0.74,0.71,0.74,0.71,-0.06,-1,53000,4,38570
2017-06-13,0.69,0.7,0.72,0.69,-0.01,-1,16000,3,11390
2017-06-14,0.67,0.66,0.67,0.65,-0.04,-1,17000,4,11260
2017-06-15,0.71,0.7,0.71,0.7,0.04,1,53000,4,37400
2017-06-16,0.69,0.69,0.69,0.69,-0.01,-1,21000,2,14490
2017-06-19,0.78,0.8,0.81,0.76,0.11,1,76000,5,59300
2017-06-20,0.86,1.02,1.03,0.86,0.22,1,400000,13,383980
2017-06-21,0.87,0.89,0.89,0.85,-0.13,-1,390000,11,336580
2017-06-22,0.9,0.9,0.9,0.9,0.01,1,3000,1,2700
2017-06-23,0.86,0.87,0.87,0.86,-0.03,-1,28000,2,24160
2017-06-26,0.85,0.94,0.94,0.85,0.07,1,22000,7,19920
2017-06-27,0.93,0.93,0.93,0.93,-0.01,-1,3000,1,2790
2017-06-28,0.86,0.8,0.86,0.8,-0.13,-1,20000,3,16860
2017-06-29,0.85,0.8,0.85,0.8,0.0,0,22000,4,17800
2017-06-30,0.79,0.79,0.79,0.79,-0.01,-1,3000,1,2370
2017-07-03,,,,,0.0,0,0,0,0
2017-07-04,0.91,0.89,0.91,0.89,0.0,0,16000,2,14340
2017-07-05,0.86,0.89,0.89,0.86,0.0,0,233000,6,200680
2017-07-06,0.84,0.86,0.86,0.84,-0.03,-1,176000,7,148960
2017-07-07,0.82,0.81,0.82,0.81,-0.05,-1,350000,6,285990
2017-07-10,0.78,0.78,0.78,0.78,-0.03,-1,13000,1,10140
2017-07-11,0.79,0.89,0.89,0.79,0.11,1,439000,6,372820
