date,OP,CP,HP,LP,DF,RD,TV,TC,TO
2017-05-22,1.16,1.15,1.16,1.15,-0.08,-1,80000,2,92500
2017-05-23,1.09,1.09,1.09,1.09,-0.06,-1,10000,1,10900
2017-05-24,1.1,1.06,1.1,1.06,-0.03,-1,41000,2,45060
2017-05-25,1.05,1.3,1.3,1.05,0.24,1,150000,4,161950
2017-05-26,1.03,1.07,1.07,0.98,-0.23,-1,236000,6,239280
2017-05-31,1.09,1.02,1.09,1.02,-0.05,-1,55000,2,59600
2017-06-01,1.04,1.04,1.04,1.04,0.02,1,12000,5,12480
2017-06-02,,,,,0.0,0,0,0,0
2017-06-03,1.09,1.09,1.09,1.09,0.0,0,50000,1,54500
2017-06-05,1.14,1.14,1.14,1.14,0.05,1,50000,1,57000
2017-06-06,1.11,1.1,1.11,1.1,-0.04,-1,53000,2,58800
2017-06-07,1.17,1.23,1.23,1.17,0.13,1,16000,3,19040
2017-06-08,1.18,1.09,1.18,1.09,-0.14,-1,56000,2,61580
2017-06-09,1.19,1.19,1.3,1.19,0.1,1,250000,11,308170
2017-06-12,1.01,1.02,1.11,1.01,-0.17,-1,322000,9,339740
2017-06-13,0.98,0.85,0.98,0.85,-0.17,-1,107000,10,96590
2017-06-14,0.91,0.89,0.91,0.89,0.04,1,21000,2,18990
2017-06-15,0.88,0.78,0.88,0.78,-0.11,-1,14000,4,11560
2017-06-16,,,,,0.0,0,0,0,0
2017-06-19,0.81,0.88,0.88,0.81,0.0,0,97000,4,82270
2017-06-20,0.93,0.97,0.98,0.93,0.09,1,127000,11,119390
2017-06-21,0.89,0.9,0.9,0.88,-0.07,-1,28000,4,24730
2017-06-22,,,,,0.0,0,0,0,0
2017-06-23,0.81,0.78,0.81,0.78,0.0,0,5000,2,3990
2017-06-26,0.72,0.7,0.72,0.7,-0.08,-1,25000,3,17700
2017-06-27,0.67,0.65,0.67,0.65,-0.05,-1,25000,3,16500
2017-06-28,0.67,0.65,0.67,0.65,0.0,0,6000,2,3920
2017-06-29,,,,,0.0,0,0,0,0
2017-06-30,0.59,0.6,0.6,0.59,0.0,0,10000,2,5950
2017-07-03,0.69,0.67,0.69,0.66,0.07,1,12000,3,8030
2017-07-04,0.65,0.62,0.65,0.62,-0.05,-1,7000,2,4490
2017-07-05,,,,,0.0,0,0,0,0
2017-07-06,,,,,0.0,0,0,0,0
2017-07-07,,,,,0.0,0,0,0,0
2017-07-10,,,,,0.0,0,0,0,0
2017-07-11,,,,,0.0,0,0,0,0
