date,OP,CP,HP,LP,DF,RD,TV,TC,TO
2017-05-22,,,,,0.0,0,0,0,0
2017-05-23,0.63,0.64,0.64,0.63,0.0,0,100000,2,63500
2017-05-24,0.66,0.71,0.77,0.66,0.07,1,528000,14,386090
2017-05-25,0.73,0.73,0.74,0.7,0.02,1,397000,15,286560
2017-05-26,,,,,0.0,0,0,0,0
2017-05-31,0.62,0.62,0.62,0.62,0.0,0,21000,3,13020
2017-06-01,0.62,0.62,0.62,0.62,0.0,0,5000,1,3100
2017-06-02,0.62,0.62,0.62,0.62,0.0,0,16000,1,9920
2017-06-03,0.64,0.75,0.79,0.64,0.13,1,998000,19,739190
2017-06-05,0.79,0.79,0.87,0.78,0.04,1,935000,32,771880
2017-06-06,0.77,0.75,0.77,0.73,-0.04,-1,252000,9,185050
2017-06-07,0.7,0.7,0.7,0.7,-0.05,-1,20000,2,14000
2017-06-08,0.73,0.73,0.73,0.73,0.03,1,8000,1,5840
2017-06-09,0.65,0.65,0.65,0.65,-0.08,-1,40000,3,26000
2017-06-12,0.58,0.58,0.59,0.58,-0.07,-1,33000,4,19240
2017-06-13,,,,,0.0,0,0,0,0
2017-06-14,,,,,0.0,0,0,0,0
2017-06-15,0.51,0.53,0.53,0.51,0.0,0,120000,4,63200
2017-06-16,0.55,0.55,0.55,0.55,0.02,1,20000,1,11000
2017-06-19,0.7,0.72,0.75,0.7,0.17,1,721000,14,520420
2017-06-20,0.71,0.69,0.73,0.68,-0.03,-1,829000,69,575900
2017-06-21,0.61,0.66,0.66,0.61,-0.03,-1,137000,4,89520
2017-06-22,,,,,0.0,0,0,0,0
2017-06-23,0.68,0.7,0.7,0.68,0.0,0,117000,4,79810
2017-06-26,0.63,0.66,0.66,0.62,-0.04,-1,103000,5,64780
2017-06-27,0.68,0.71,0.75,0.68,0.05,1,1747000,30,1258810
2017-06-28,0.65,0.65,0.7,0.63,-0.06,-1,898000,29,600840
2017-06-29,0.68,0.65,0.69,0.65,0.0,0,298000,5,203800
2017-06-30,0.62,0.64,0.64,0.62,-0.01,-1,448000,4,280720
2017-07-03,0.64,0.63,0.64,0.63,-0.01,-1,48000,2,30250
2017-07-04,0.58,0.58,0.58,0.58,-0.05,-1,180000,1,104400
2017-07-05,0.5,0.5,0.5,0.5,-0.08,-1,65000,4,32500
2017-07-06,,,,,0.0,0,0,0,0
2017-07-07,,,,,0.0,0,0,0,0
2017-07-10,0.48,0.48,0.48,0.48,0.0,0,13000,1,6240
2017-07-11,,,,,0.0,0,0,0,0
