date,OP,CP,HP,LP,DF,RD,TV,TC,TO
2017-05-22,1.12,1.19,1.21,1.11,0.24,1,50000,7,58600
2017-05-23,1.15,1.15,1.15,1.15,-0.04,-1,17000,2,19550
2017-05-24,,,,,0.0,0,0,0,0
2017-05-25,1.13,1.13,1.13,1.13,0.0,0,82000,1,92660
2017-05-26,0.94,0.94,0.94,0.94,-0.19,-1,92000,2,86480
2017-05-31,0.97,0.99,0.99,0.97,0.05,1,415000,6,406010
2017-06-01,0.96,0.99,0.99,0.93,0.0,0,420000,13,401830
2017-06-02,1.02,1.0,1.02,1.0,0.01,1,17000,3,17140
2017-06-03,1.03,1.06,1.06,1.03,0.06,1,22000,4,23020
2017-06-05,1.05,1.15,1.25,1.05,0.09,1,486000,19,565380
2017-06-06,1.05,1.02,1.07,1.02,-0.13,-1,310000,8,320520
2017-06-07,1.04,0.97,1.04,0.94,-0.05,-1,68000,7,65830
2017-06-08,1.02,1.02,1.06,1.02,0.05,1,173000,5,179380
2017-06-09,1.12,1.01,1.28,1.01,-0.01,-1,718000,25,821300
2017-06-12,0.98,1.05,1.05,0.96,0.04,1,381000,9,378700
2017-06-13,1.15,1.03,1.21,1.03,-0.02,-1,593000,15,674870
2017-06-14,0.98,0.9,0.98,0.88,-0.13,-1,488000,8,455870
2017-06-15,0.9,0.87,0.9,0.86,-0.03,-1,354000,5,310770
2017-06-16,,,,,0.0,0,0,0,0
2017-06-19,0.92,0.92,0.92,0.92,0.0,0,123000,2,113160
2017-06-20,0.92,0.84,0.92,0.84,-0.08,-1,244000,7,217690
2017-06-21,0.86,0.86,0.86,0.86,0.02,1,25000,1,21500
2017-06-22,,,,,0.0,0,0,0,0
2017-06-23,0.98,0.98,0.98,0.98,0.0,0,79000,2,77420
2017-06-26,0.95,0.96,0.97,0.95,-0.02,-1,229000,5,219350
2017-06-27,1.01,1.01,1.01,1.01,0.05,1,50000,1,50500
2017-06-28,,,,,0.0,0,0,0,0
2017-06-29,0.89,0.89,0.89,0.89,0.0,0,132000,5,117480
2017-06-30,0.82,0.87,0.87,0.8,-0.02,-1,262000,5,212580
2017-07-03,,,,,0.0,0,0,0,0
2017-07-04,0.78,0.77,0.78,0.77,0.0,0,65000,2,50550
2017-07-05,0.72,0.72,0.72,0.72,-0.05,-1,50000,2,36000
2017-07-06,0.76,0.77,0.77,0.76,0.05,1,120000,2,91400
2017-07-07,0.76,0.77,0.77,0.76,0.0,0,110000,2,83700
2017-07-10,0.73,0.73,0.73,0.73,-0.04,-1,15000,1,10950
2017-07-11,0.76,0.76,0.76,0.76,0.03,1,171000,1,129960
