date,OP,CP,HP,LP,DF,RD,TV,TC,TO
2017-05-22,3.63,3.49,3.63,3.49,-0.25,-1,199000,9,702970
2017-05-23,3.66,3.73,3.84,3.66,0.24,1,260000,10,988440
2017-05-24,3.84,3.75,4.05,3.75,0.02,1,378000,29,1486850
2017-05-25,3.87,3.67,3.92,3.67,-0.08,-1,155000,13,586420
2017-05-26,3.6,3.39,3.6,3.39,-0.28,-1,134000,11,472780
2017-05-31,3.3,3.22,3.3,3.22,-0.17,-1,11000,2,36220
2017-06-01,3.4,3.51,3.6,3.4,0.29,1,72000,4,248490
2017-06-02,3.6,3.51,3.6,3.51,0.0,0,55000,3,197100
2017-06-03,3.61,3.52,3.61,3.52,0.01,1,71000,5,252200
2017-06-05,3.61,4.08,4.31,3.61,0.56,1,388000,28,1514880
2017-06-06,4.06,3.97,4.38,3.97,-0.11,-1,346000,28,1434850
2017-06-07,3.91,3.76,4.0,3.76,-0.21,-1,335000,24,1298450
2017-06-08,3.88,3.85,3.93,3.83,0.09,1,210000,6,808100
2017-06-09,3.9,3.9,4.1,3.88,0.05,1,80000,7,317700
2017-06-12,3.74,3.82,3.82,3.7,-0.08,-1,63000,8,236600
