date,OP,CP,HP,LP,DF,RD,TV,TC,TO
2017-05-22,1.0,0.99,1.01,0.94,0.04,1,558000,19,551530
2017-05-23,0.99,1.0,1.0,0.98,0.01,1,202000,5,199000
2017-05-24,0.97,1.0,1.0,0.97,0.0,0,201000,4,200970
2017-05-25,1.0,1.08,1.08,0.99,0.08,1,330000,8,340300
2017-05-26,1.09,1.08,1.09,1.08,0.0,0,151000,4,164080
2017-05-31,,,,,0.0,0,0,0,0
2017-06-01,1.12,1.1,1.12,1.1,0.0,0,2000,2,2220
2017-06-02,1.15,1.14,1.15,1.14,0.04,1,111000,3,127640
2017-06-03,1.15,1.15,1.15,1.15,0.01,1,100000,1,115000
2017-06-05,1.12,1.12,1.12,1.12,-0.03,-1,15000,3,16800
2017-06-06,1.15,1.22,1.24,1.15,0.1,1,117000,7,143690
2017-06-07,1.22,1.24,1.24,1.22,0.02,1,214000,7,264280
2017-06-08,1.24,1.24,1.26,1.24,0.0,0,113000,7,140910
2017-06-09,1.16,1.16,1.16,1.16,-0.08,-1,6000,1,6960
2017-06-12,1.14,1.14,1.14,1.14,-0.02,-1,7000,1,7980
2017-06-13,1.1,1.1,1.1,1.1,-0.04,-1,200000,3,220000
2017-06-14,1.09,1.08,1.09,1.08,-0.02,-1,200000,4,217230
2017-06-15,1.04,1.04,1.04,1.04,-0.04,-1,260000,4,270400
2017-06-16,1.04,1.13,1.13,1.03,0.09,1,460000,26,500300
2017-06-19,1.19,1.2,1.2,1.19,0.07,1,720000,10,860000
2017-06-20,1.18,1.23,1.23,1.17,0.03,1,504000,12,600380
2017-06-21,1.2,1.23,1.24,1.19,0.0,0,305000,7,370290
2017-06-22,1.22,1.23,1.25,1.22,0.0,0,223000,3,275110
2017-06-23,1.19,1.16,1.19,1.16,-0.07,-1,105000,3,124860
2017-06-26,1.22,1.22,1.22,1.22,0.06,1,50000,1,61000
2017-06-27,1.24,1.24,1.24,1.24,0.02,1,5000,1,6200
2017-06-28,1.2,1.2,1.2,1.2,-0.04,-1,5000,1,6000
2017-06-29,1.21,1.21,1.21,1.21,0.01,1,30000,1,36300
2017-06-30,1.11,1.11,1.11,1.11,-0.1,-1,5000,1,5550
2017-07-03,1.01,1.01,1.01,1.01,-0.1,-1,100000,1,101000
2017-07-04,1.02,1.04,1.04,1.02,0.03,1,140000,5,143550
2017-07-05,1.05,1.05,1.05,1.05,0.01,1,5000,1,5250
2017-07-06,,,,,0.0,0,0,0,0
2017-07-07,,,,,0.0,0,0,0,0
2017-07-10,1.02,1.04,1.04,1.02,0.0,0,106000,3,108240
2017-07-11,1.0,0.99,1.0,0.99,-0.05,-1,106000,3,105000
