date,OP,CP,HP,LP,DF,RD,TV,TC,TO
2017-05-22,1.43,1.7,1.81,1.39,0.28,1,1797000,78,2698690
2017-05-23,1.71,1.62,1.73,1.61,-0.08,-1,904000,27,1513360
2017-05-24,1.65,1.65,1.8,1.65,0.03,1,852000,41,1463670
2017-05-25,1.64,1.5,1.64,1.5,-0.15,-1,824000,42,1302770
2017-05-26,1.59,1.54,1.66,1.5,0.04,1,111000,9,177640
2017-05-31,1.58,1.4,1.58,1.4,-0.14,-1,224000,10,326000
2017-06-01,1.5,1.72,1.72,1.5,0.32,1,1055000,21,1679930
2017-06-02,1.64,1.66,1.72,1.62,-0.06,-1,1845000,40,3056000
2017-06-03,1.75,1.73,1.85,1.7,0.07,1,1360000,27,2409940
2017-06-05,1.75,1.67,1.75,1.65,-0.06,-1,605000,18,1030980
2017-06-06,1.69,1.58,1.74,1.58,-0.09,-1,115000,7,195080
2017-06-07,1.54,1.51,1.56,1.44,-0.07,-1,147000,6,225010
2017-06-08,1.51,1.51,1.53,1.51,0.0,0,268000,6,405880
2017-06-09,1.5,1.5,1.5,1.5,-0.01,-1,184000,2,276000
2017-06-12,1.33,1.35,1.4,1.33,-0.15,-1,230000,7,310720
2017-06-13,1.39,1.37,1.41,1.37,0.02,1,311000,7,433130
2017-06-14,1.32,1.11,1.32,1.05,-0.26,-1,401000,9,442120
2017-06-15,1.12,1.12,1.16,1.06,0.01,1,280000,8,313600
2017-06-16,1.07,1.17,1.17,1.05,0.05,1,60000,7,65520
2017-06-19,1.19,1.29,1.29,1.19,0.12,1,498000,10,634100
2017-06-20,1.31,1.29,1.33,1.29,0.0,0,256000,8,332260
2017-06-21,1.32,1.28,1.32,1.28,-0.01,-1,151000,11,195320
2017-06-22,1.32,1.25,1.34,1.25,-0.03,-1,89000,4,117020
2017-06-23,1.22,1.24,1.24,1.22,-0.01,-1,21000,2,25920
2017-06-26,1.3,1.3,1.34,1.3,0.06,1,323000,8,422440
2017-06-27,1.25,1.25,1.25,1.25,-0.05,-1,68000,4,85000
2017-06-28,1.26,1.26,1.31,1.26,0.01,1,68000,7,87010
2017-06-29,1.25,1.19,1.25,1.19,-0.07,-1,66000,4,80980
2017-06-30,1.22,1.22,1.22,1.22,0.03,1,6000,1,7320
2017-07-03,1.26,1.24,1.26,1.24,0.02,1,117000,10,147100
2017-07-04,1.23,1.1,1.23,1.1,-0.14,-1,150000,7,182650
2017-07-05,1.09,1.16,1.16,1.09,0.06,1,28000,6,31360
2017-07-06,1.11,1.11,1.11,1.09,-0.05,-1,267000,12,296070
2017-07-07,1.03,0.97,1.05,0.97,-0.14,-1,93000,9,94230
2017-07-10,0.92,0.78,0.92,0.78,-0.19,-1,252000,11,221790
2017-07-11,0.81,0.82,0.82,0.81,0.04,1,51000,3,41510
