date,OP,CP,HP,LP,DF,RD,TV,TC,TO
2017-05-22,,,,,0.0,0,0,0,0
2017-05-23,1.25,1.25,1.25,1.25,0.0,0,28000,2,35000
2017-05-24,1.25,1.31,1.31,1.25,0.06,1,101000,2,126310
2017-05-25,1.35,1.52,1.52,1.34,0.21,1,85000,11,120240
2017-05-26,1.57,1.6,1.66,1.57,0.08,1,296000,11,471020
2017-05-31,1.63,1.72,1.76,1.63,0.12,1,353000,15,597610
2017-06-01,1.75,1.79,1.8,1.73,0.07,1,88000,9,157680
2017-06-02,1.82,1.78,1.82,1.78,-0.01,-1,18000,3,32520
2017-06-03,1.78,1.78,1.78,1.78,0.0,0,10000,1,17800
2017-06-05,1.68,1.68,1.68,1.68,-0.1,-1,9000,1,15120
2017-06-06,1.67,1.67,1.67,1.67,-0.01,-1,470000,4,784900
2017-06-07,1.73,1.91,1.91,1.73,0.24,1,20000,3,36400
2017-06-08,1.86,1.9,1.91,1.86,-0.01,-1,714000,9,1344330
2017-06-09,1.97,2.06,2.09,1.95,0.16,1,54000,8,108820
2017-06-12,2.03,2.01,2.14,2.01,-0.05,-1,224000,9,457890
2017-06-13,2.02,2.04,2.04,1.98,0.03,1,227000,7,459060
