date,OP,CP,HP,LP,DF,RD,TV,TC,TO
2017-05-22,1.22,1.17,1.22,1.16,-0.09,-1,297000,12,353310
2017-05-23,1.24,1.2,1.24,1.2,0.03,1,106000,4,127520
2017-05-24,1.19,1.19,1.19,1.18,-0.01,-1,116000,3,137240
2017-05-25,1.14,1.12,1.14,1.12,-0.07,-1,290000,7,330000
2017-05-26,1.11,1.11,1.11,1.11,-0.01,-1,20000,1,22200
2017-05-31,1.11,1.12,1.12,1.11,0.01,1,8000,2,8950
2017-06-01,1.13,1.16,1.16,1.13,0.04,1,11000,3,12530
2017-06-02,1.16,1.22,1.24,1.16,0.06,1,404000,16,492740
2017-06-03,1.24,1.25,1.25,1.21,0.03,1,208000,12,256810
2017-06-05,1.26,1.3,1.3,1.26,0.05,1,193000,9,245670
2017-06-06,1.3,1.33,1.33,1.27,0.03,1,371000,12,479970
2017-06-07,1.36,1.29,1.37,1.29,-0.04,-1,263000,9,350890
2017-06-08,1.31,1.34,1.34,1.31,0.05,1,176000,7,233880
2017-06-09,1.35,1.4,1.52,1.35,0.06,1,1475000,42,2146500
2017-06-12,1.4,1.46,1.48,1.34,0.06,1,1153000,36,1621330
2017-06-13,1.44,1.43,1.44,1.42,-0.03,-1,92000,6,131410
2017-06-14,1.41,1.35,1.41,1.35,-0.08,-1,22000,4,30360
2017-06-15,,,,,0.0,0,0,0,0
2017-06-16,1.43,1.43,1.44,1.41,0.0,0,62000,7,88530
2017-06-19,1.47,1.43,1.47,1.43,0.0,0,75000,6,108880
2017-06-20,1.44,1.45,1.45,1.44,0.02,1,52000,5,75190
2017-06-21,1.45,1.51,1.51,1.44,0.06,1,522000,14,769030
2017-06-22,1.48,1.43,1.48,1.43,-0.08,-1,421000,39,610710
2017-06-23,1.44,1.44,1.45,1.42,0.01,1,256000,35,368630
2017-06-26,1.41,1.45,1.46,1.41,0.01,1,262000,27,376910
2017-06-27,1.44,1.62,1.62,1.44,0.17,1,522000,24,801910
2017-06-28,1.66,1.75,1.75,1.61,0.13,1,555000,26,933680
2017-06-29,1.88,1.83,2.17,1.8,0.08,1,355000,33,706710
2017-06-30,1.76,1.79,1.82,1.72,-0.04,-1,77000,7,136480
2017-07-03,1.9,1.9,1.9,1.9,0.11,1,5000,1,9500
2017-07-04,,,,,0.0,0,0,0,0
2017-07-05,1.83,1.81,1.83,1.81,0.0,0,40000,2,72600
2017-07-06,1.8,1.86,1.86,1.8,0.05,1,25000,7,45590
2017-07-07,1.78,1.79,1.81,1.78,-0.07,-1,24000,3,43210
2017-07-10,1.84,1.71,1.84,1.71,-0.08,-1,8000,5,13970
2017-07-11,1.7,1.78,1.78,1.7,0.07,1,13000,2,22900
