date,OP,CP,HP,LP,DF,RD,TV,TC,TO
2017-05-22,1.43,1.68,1.72,1.43,0.28,1,469000,21,752150
2017-05-23,1.76,1.59,1.76,1.59,-0.09,-1,169000,11,283790
2017-05-24,1.76,2.0,2.27,1.74,0.41,1,618000,38,1230520
2017-05-25,2.1,1.96,2.18,1.93,-0.04,-1,864000,58,1771010
2017-05-26,1.82,1.88,1.88,1.7,-0.08,-1,751000,28,1346860
2017-05-31,1.96,1.93,2.25,1.93,0.05,1,539000,52,1164060
2017-06-01,1.9,1.75,1.9,1.75,-0.18,-1,546000,18,982700
2017-06-02,1.86,1.74,1.94,1.74,-0.01,-1,222000,11,413190
2017-06-03,1.86,1.86,1.89,1.77,0.12,1,1051000,22,1909610
2017-06-05,1.96,1.96,2.07,1.94,0.1,1,1573000,37,3150020
2017-06-06,1.86,2.05,2.05,1.73,0.09,1,1209000,44,2250680
2017-06-07,2.07,1.85,2.09,1.85,-0.2,-1,466000,23,928980
2017-06-08,1.84,1.78,1.84,1.76,-0.07,-1,100000,10,178890
2017-06-09,1.75,1.7,1.79,1.7,-0.08,-1,416000,22,721660
2017-06-12,1.5,1.38,1.58,1.37,-0.32,-1,518000,37,765360
2017-06-13,1.34,1.34,1.47,1.31,-0.04,-1,1309000,47,1775330
2017-06-14,1.39,1.38,1.47,1.27,0.04,1,1283000,51,1810390
2017-06-15,1.4,1.53,1.6,1.4,0.15,1,515000,29,777280
2017-06-16,1.53,1.89,1.89,1.46,0.36,1,842000,46,1370650
2017-06-19,1.87,1.79,1.95,1.79,-0.1,-1,1133000,57,2127870
2017-06-20,1.88,1.69,1.94,1.68,-0.1,-1,628000,28,1131770
2017-06-21,1.58,1.72,1.72,1.54,0.03,1,641000,34,1052160
