date,OP,CP,HP,LP,DF,RD,TV,TC,TO
2017-05-24,,,,,0.0,0,0,0,0
2017-05-25,1.46,1.41,1.46,1.41,0.0,0,197000,5,283680
2017-05-26,1.37,1.44,1.46,1.34,0.03,1,321000,12,444320
2017-05-31,1.47,1.76,1.79,1.47,0.32,1,819000,27,1368070
2017-06-01,1.86,1.8,1.86,1.72,0.04,1,786000,28,1404800
2017-06-02,1.78,1.73,1.83,1.73,-0.07,-1,163000,8,290890
2017-06-03,1.87,2.0,2.21,1.87,0.27,1,133000,10,267220
2017-06-05,2.11,1.91,2.11,1.85,-0.09,-1,91000,7,185690
2017-06-06,1.96,1.92,1.99,1.92,0.01,1,77000,7,150140
2017-06-07,1.92,1.9,2.0,1.82,-0.02,-1,110000,7,211600
2017-06-08,1.9,1.88,1.93,1.87,-0.02,-1,86000,5,163700
2017-06-09,1.89,1.33,1.89,1.33,-0.55,-1,117000,16,169730
2017-06-12,1.37,1.21,1.37,1.19,-0.12,-1,435000,17,534850
2017-06-13,1.3,1.36,1.41,1.29,0.15,1,473000,23,639060
2017-06-14,1.34,1.32,1.36,1.25,-0.04,-1,503000,21,666000
2017-06-15,1.25,1.29,1.3,1.25,-0.03,-1,123000,6,155650
2017-06-16,1.21,1.23,1.23,1.21,-0.06,-1,11000,2,13510
2017-06-19,1.31,1.31,1.31,1.29,0.08,1,61000,3,78910
2017-06-20,1.39,1.48,1.49,1.39,0.17,1,213000,9,309770
2017-06-21,,,,,0.0,0,0,0,0
2017-06-22,1.28,1.22,1.28,1.19,0.0,0,251000,10,313360
2017-06-23,1.19,1.16,1.2,1.15,-0.06,-1,451000,21,527290
2017-06-26,1.18,1.1,1.18,1.1,-0.06,-1,251000,15,289860
2017-06-27,1.12,1.11,1.13,1.11,0.01,1,54000,5,60560
2017-06-28,0.99,0.99,0.99,0.99,-0.12,-1,12000,1,11880
2017-06-29,1.09,1.03,1.09,1.03,0.04,1,13000,4,13560
2017-06-30,1.06,1.06,1.06,1.04,0.03,1,68000,4,71880
2017-07-03,1.14,1.12,1.14,1.12,0.06,1,132000,3,149580
2017-07-04,1.07,1.05,1.07,1.05,-0.07,-1,90000,3,96200
2017-07-05,1.04,1.03,1.04,1.03,-0.02,-1,40000,2,41500
2017-07-06,1.07,1.19,1.22,1.07,0.16,1,97000,9,115980
2017-07-07,1.13,1.15,1.15,1.13,-0.04,-1,49000,2,55710
2017-07-10,1.05,1.05,1.05,1.05,-0.1,-1,10000,1,10500
2017-07-11,0.88,0.84,0.88,0.82,-0.21,-1,94000,6,79040
