date,OP,CP,HP,LP,DF,RD,TV,TC,TO
2017-05-22,,,,,0.0,0,0,0,0
2017-05-23,0.88,0.89,0.89,0.88,0.0,0,170000,3,149650
2017-05-24,0.85,0.84,0.85,0.84,-0.05,-1,191000,3,161210
2017-05-25,,,,,0.0,0,0,0,0
2017-05-26,0.83,0.83,0.83,0.83,0.0,0,146000,4,121180
2017-05-31,0.78,0.77,0.79,0.77,-0.06,-1,146000,4,114760
2017-06-01,0.7,0.59,0.7,0.59,-0.18,-1,275000,8,171450
2017-06-02,0.53,0.53,0.56,0.52,-0.06,-1,330000,8,178450
2017-06-03,0.58,0.55,0.58,0.55,0.02,1,516000,8,294470
2017-06-05,0.54,0.57,0.57,0.54,0.02,1,685000,8,383250
2017-06-06,0.56,0.54,0.56,0.54,-0.03,-1,305000,4,167750
2017-06-07,0.57,0.62,0.62,0.57,0.08,1,233000,5,136700
2017-06-08,0.57,0.55,0.57,0.55,-0.07,-1,97000,2,55190
2017-06-09,0.62,0.67,0.67,0.62,0.12,1,63000,5,41810
2017-06-12,0.65,0.65,0.65,0.65,-0.02,-1,10000,1,6500
2017-06-13,0.62,0.67,0.67,0.62,0.02,1,62000,2,41290
2017-06-14,0.66,0.7,0.71,0.66,0.03,1,78000,3,52480
2017-06-15,0.63,0.63,0.66,0.63,-0.07,-1,75000,3,48990
2017-06-16,0.62,0.62,0.62,0.62,-0.01,-1,58000,1,35960
2017-06-19,,,,,0.0,0,0,0,0
2017-06-20,,,,,0.0,0,0,0,0
2017-06-21,,,,,0.0,0,0,0,0
2017-06-22,,,,,0.0,0,0,0,0
2017-06-23,,,,,0.0,0,0,0,0
2017-06-26,,,,,0.0,0,0,0,0
2017-06-27,0.5,0.5,0.5,0.5,0.0,0,1000,1,500
2017-06-28,0.52,0.53,0.53,0.52,0.03,1,2000,2,1050
2017-06-29,,,,,0.0,0,0,0,0
2017-06-30,,,,,0.0,0,0,0,0
2017-07-03,,,,,0.0,0,0,0,0
2017-07-04,,,,,0.0,0,0,0,0
2017-07-05,0.57,0.57,0.57,0.57,0.0,0,179000,2,102030
2017-07-06,0.53,0.53,0.53,0.53,-0.04,-1,179000,3,94870
2017-07-07,,,,,0.0,0,0,0,0
2017-07-10,,,,,0.0,0,0,0,0
2017-07-11,,,,,0.0,0,0,0,0
