date,OP,CP,HP,LP,DF,RD,TV,TC,TO
2017-05-22,1.81,1.76,1.81,1.76,-0.06,-1,75000,7,133080
2017-05-23,1.75,1.69,1.75,1.69,-0.07,-1,245000,8,425490
2017-05-24,1.64,1.63,1.64,1.63,-0.06,-1,180000,5,294350
2017-05-25,1.53,1.5,1.53,1.5,-0.13,-1,80000,6,121200
2017-05-26,1.46,1.5,1.5,1.43,0.0,0,42000,4,61250
2017-05-31,1.51,1.51,1.51,1.51,0.01,1,7000,1,10570
2017-06-01,1.53,1.53,1.53,1.53,0.02,1,40000,1,61200
2017-06-02,,,,,0.0,0,0,0,0
2017-06-03,1.37,1.37,1.37,1.37,0.0,0,5000,1,6850
2017-06-05,1.35,1.26,1.35,1.26,-0.11,-1,333000,4,427350
2017-06-06,1.26,1.26,1.26,1.25,0.0,0,138000,5,173700
2017-06-07,1.23,1.25,1.27,1.21,-0.01,-1,108000,5,134400
2017-06-08,1.23,1.2,1.23,1.2,-0.05,-1,120000,3,145050
2017-06-09,,,,,0.0,0,0,0,0
2017-06-12,1.34,1.34,1.34,1.31,0.0,0,78000,3,103470
2017-06-13,,,,,0.0,0,0,0,0
2017-06-14,1.33,1.45,1.45,1.33,0.0,0,35000,2,50150
2017-06-15,1.44,1.45,1.45,1.44,0.0,0,70000,2,101150
2017-06-16,1.38,1.3,1.38,1.3,-0.15,-1,75000,3,102750
2017-06-19,1.17,1.11,1.17,1.11,-0.19,-1,85000,2,96450
2017-06-20,1.0,0.95,1.0,0.93,-0.16,-1,26000,3,25100
2017-06-21,0.93,0.93,0.93,0.93,-0.02,-1,11000,1,10230
2017-06-22,,,,,0.0,0,0,0,0
2017-06-23,,,,,0.0,0,0,0,0
2017-06-26,0.71,0.61,0.71,0.61,0.0,0,102000,2,67220
2017-06-27,,,,,0.0,0,0,0,0
2017-06-28,,,,,0.0,0,0,0,0
2017-06-29,,,,,0.0,0,0,0,0
2017-06-30,0.76,0.76,0.76,0.76,0.0,0,5000,1,3800
2017-07-03,,,,,0.0,0,0,0,0
2017-07-04,,,,,0.0,0,0,0,0
2017-07-05,0.8,0.8,0.8,0.8,0.0,0,5000,1,4000
2017-07-06,,,,,0.0,0,0,0,0
2017-07-07,,,,,0.0,0,0,0,0
2017-07-10,,,,,0.0,0,0,0,0
2017-07-11,,,,,0.0,0,0,0,0
