date,OP,CP,HP,LP,DF,RD,TV,TC,TO
2004-02-11,91.0,91.5,92.0,89.5,0.5,1,640333,334,58153840
2004-02-12,91.0,91.0,91.5,89.5,-0.5,-1,830670,384,75223648
2004-02-13,91.5,91.5,91.5,90.5,0.5,1,389809,190,35522898
2004-02-16,91.0,89.5,91.5,89.5,-2.0,-1,419619,254,37878545
2004-02-17,89.5,90.0,90.5,85.0,0.5,1,1080298,585,95542280
2004-02-18,90.0,90.0,91.0,89.0,0.0,0,773024,432,69467943
2004-02-19,90.0,90.0,90.5,89.0,0.0,0,746719,337,66975482
2004-02-20,90.0,88.5,90.5,88.5,-1.5,-1,648829,274,58152430
2004-02-23,89.0,90.5,90.5,88.5,2.0,1,881370,337,79252224
2004-02-24,90.0,90.0,90.5,89.0,-0.5,-1,340538,178,30586093
2004-02-25,90.0,90.0,90.0,89.0,0.0,0,369700,157,33109328
2004-02-26,90.0,90.5,90.5,89.5,0.5,1,498113,219,44816813
2004-02-27,90.0,92.0,94.5,90.0,1.5,1,7661746,806,694261783
2004-03-01,92.0,91.5,93.0,90.0,-0.5,-1,634916,327,58070039
2004-03-02,91.5,91.0,93.0,91.0,-0.5,-1,829559,325,76353507
2004-03-03,91.0,91.0,91.5,90.0,0.0,0,507096,275,45918459
2004-03-04,90.5,92.0,92.0,90.0,1.0,1,609339,276,55369882
2004-03-05,92.0,92.5,93.0,91.5,0.5,1,1009834,451,93368034
2004-03-08,93.0,92.5,93.0,91.5,0.0,0,316905,205,29271395
2004-03-09,91.5,92.5,92.5,91.0,0.0,0,260833,137,23936831
2004-03-10,92.0,90.5,92.0,90.0,-2.0,-1,355798,171,32271466
2004-03-11,89.0,90.0,90.0,88.5,-0.5,-1,544700,240,48640565
2004-03-12,89.0,88.5,89.5,88.0,-1.5,-1,190500,95,16888775
2004-03-15,88.5,86.5,89.0,86.5,-2.0,-1,272558,157,23882180
2004-03-16,86.0,88.0,88.5,85.5,1.5,1,428729,297,37135913
2004-03-17,88.0,88.0,88.5,86.5,0.0,0,291034,161,25507035
2004-03-18,87.5,90.0,90.0,86.5,2.0,1,584312,249,51720878
2004-03-19,89.0,89.5,90.0,89.0,-0.5,-1,400966,142,35870551
2004-03-22,83.5,83.5,83.5,83.5,-6.0,-1,73759,68,6168635
2004-03-23,78.0,83.0,83.0,78.0,-0.5,-1,999079,423,80321560
2004-03-24,83.0,83.0,83.5,80.0,0.0,0,584226,299,47751737
2004-03-25,83.0,83.5,85.0,82.5,0.5,1,251248,145,20921637
2004-03-26,83.5,83.5,84.0,82.5,0.0,0,365026,178,30310818
2004-03-29,85.0,87.0,88.0,85.0,3.5,1,334560,169,29012523
2004-03-30,88.0,89.0,89.0,87.0,2.0,1,401495,199,35213963
2004-03-31,88.5,88.5,89.5,87.0,-0.5,-1,462503,232,40603039
2004-04-01,88.0,89.0,89.0,87.0,0.5,1,363844,197,31803361
2004-04-02,89.0,89.0,89.5,88.0,0.0,0,328247,171,29012468
2004-04-05,89.0,91.0,91.5,88.5,2.0,1,699360,286,63025475
2004-04-06,91.0,90.0,92.0,89.5,-1.0,-1,559876,268,50656428
2004-04-07,90.0,88.5,90.0,88.0,-1.5,-1,633579,264,56225045
2004-04-08,88.5,89.0,89.5,88.5,0.5,1,358417,173,31807265
2004-04-09,88.5,88.5,89.0,88.0,-0.5,-1,242319,156,21400797
2004-04-12,88.5,90.0,90.0,88.5,1.5,1,443825,196,39775739
2004-04-13,90.0,91.5,92.5,90.0,1.5,1,830554,361,75940206
2004-04-14,91.0,91.0,91.0,90.0,-0.5,-1,370742,185,33565166
2004-04-15,91.0,89.5,91.0,89.0,-1.5,-1,944718,297,84616623
2004-04-16,89.0,89.5,90.0,88.5,0.0,0,332969,136,29723336
2004-04-19,89.5,89.5,91.0,89.5,0.0,0,838891,320,75744890
2004-04-20,89.5,91.5,92.0,89.5,2.0,1,1780001,644,161642736
2004-04-21,91.5,90.5,91.5,90.0,-1.0,-1,539263,345,48993136
2004-04-22,90.5,91.5,92.0,89.5,1.0,1,652389,247,59323063
2004-04-23,91.5,91.0,91.5,89.5,-0.5,-1,468067,208,42446675
2004-04-26,91.0,89.5,91.0,89.0,-1.5,-1,286754,139,25684266
2004-04-27,89.5,89.5,89.5,86.5,0.0,0,682848,291,60124062
2004-04-28,88.0,87.0,89.0,87.0,-2.5,-1,406581,184,35778787
2004-04-29,86.0,85.5,86.0,84.0,-1.5,-1,628509,331,53407116
2004-04-30,85.0,85.0,85.0,80.0,-0.5,-1,743152,366,61421430
2004-05-03,84.5,85.0,86.0,83.0,0.0,0,729000,215,61769000
2004-05-04,85.0,84.0,85.0,82.0,-1.0,-1,607280,321,50605247
2004-05-05,84.0,80.0,84.5,80.0,-4.0,-1,899372,351,72865670
2004-05-06,80.0,81.0,81.5,79.0,1.0,1,605935,303,48656523
2004-05-07,79.0,81.0,81.0,79.0,0.0,0,237592,125,19122298
2004-05-10,79.0,77.5,79.5,77.0,-3.5,-1,310176,233,24262681
2004-05-11,77.5,79.0,79.0,75.5,1.5,1,439186,202,34021559
2004-05-12,79.5,80.5,80.5,79.0,1.5,1,356815,173,28416157
2004-05-13,80.5,79.0,81.0,78.5,-1.5,-1,256592,133,20427912
2004-05-14,79.0,77.0,79.0,77.0,-2.0,-1,318000,144,24607500
2004-05-17,75.0,72.0,77.0,72.0,-5.0,-1,429021,270,31629108
2004-05-18,72.0,75.0,75.0,72.0,3.0,1,361672,207,26563058
2004-05-19,75.0,79.0,79.0,75.0,4.0,1,485270,239,37652383
2004-05-20,78.5,77.5,78.5,76.0,-1.5,-1,254538,155,19644386
2004-05-21,77.0,79.0,79.0,77.0,1.5,1,446301,227,34713210
2004-05-24,77.5,77.0,79.0,77.0,-2.0,-1,700941,252,54405561
2004-05-25,77.0,79.0,79.0,77.0,2.0,1,299378,146,23432458
2004-05-26,79.5,79.0,80.0,78.5,0.0,0,284259,140,22563956
2004-05-27,79.0,79.5,79.5,77.5,0.5,1,319000,92,24959000
2004-05-28,79.5,82.0,82.0,79.0,2.5,1,493016,203,39509765
2004-05-31,81.5,80.5,82.0,80.0,-1.5,-1,328556,166,26496862
2004-06-01,80.5,80.0,80.5,78.5,-0.5,-1,305040,89,24176292
2004-06-02,78.5,79.0,79.0,78.0,-1.0,-1,335636,126,26359625
2004-06-03,79.0,79.0,80.5,78.5,0.0,0,854025,244,67845965
2004-06-04,78.0,79.5,79.5,78.0,0.5,1,427015,135,33636278
2004-06-07,80.5,81.0,81.0,79.5,1.5,1,800380,145,64291157
2004-06-08,81.0,81.0,82.0,80.0,0.0,0,453938,166,36811092
2004-06-09,81.0,83.0,83.0,81.0,2.0,1,499689,254,40831112
2004-06-10,82.0,82.0,82.5,81.0,-1.0,-1,265333,131,21669499
2004-06-11,81.5,80.5,81.5,80.0,-1.5,-1,112305,90,9035884
2004-06-14,78.0,79.0,81.0,78.0,-1.5,-1,287001,129,22849580
2004-06-15,79.0,80.5,80.5,78.5,1.5,1,317520,89,25258372
2004-06-16,80.5,78.5,81.0,78.0,-2.0,-1,262472,117,20887891
2004-06-17,78.5,80.0,80.0,78.5,1.5,1,269001,90,21326578
2004-06-18,79.0,76.0,79.0,75.5,-4.0,-1,405000,236,31012000
2004-06-21,76.0,75.5,76.0,73.0,-0.5,-1,303154,183,22609263
2004-06-23,74.5,76.0,76.5,74.0,0.5,1,362000,170,27409000
2004-06-24,76.0,77.0,77.0,76.0,1.0,1,228000,89,17417500
2004-06-25,77.0,77.5,77.5,76.0,0.5,1,212000,103,16318000
2004-06-28,76.5,76.0,76.5,75.5,-1.5,-1,146376,86,11136101
2004-06-29,76.0,76.0,76.0,74.0,0.0,0,194387,120,14581263
2004-06-30,76.0,77.0,77.0,76.0,1.0,1,209100,129,16024562
2004-07-01,76.5,76.5,77.0,75.5,-0.5,-1,170000,96,12976500
2004-07-02,75.5,75.5,75.5,74.5,-1.0,-1,191914,116,14416564
2004-07-05,75.5,73.5,75.5,73.0,-2.0,-1,189283,121,13987758
2004-07-06,73.5,73.0,73.5,72.5,-0.5,-1,144038,75,10525778
2004-07-07,73.0,74.5,75.0,73.0,1.5,1,401000,163,29676000
2004-07-08,74.5,74.5,75.0,74.0,0.0,0,278000,112,20653000
2004-07-09,74.5,75.5,75.5,74.5,1.0,1,254086,92,18994992
2004-07-12,75.5,74.5,75.5,73.5,-1.0,-1,247328,105,18391758
2004-07-13,74.0,74.5,74.5,73.5,0.0,0,320000,135,23724500
2004-07-14,74.5,73.0,74.5,72.5,-1.5,-1,671000,268,49316500
2004-07-15,61.0,62.0,62.5,61.0,0.0,0,717000,301,44113000
2004-07-16,62.0,64.0,64.0,61.5,2.0,1,377036,207,23759220
2004-07-19,64.0,65.0,65.0,63.0,1.0,1,380695,185,24417257
2004-07-20,65.0,65.0,65.5,63.5,0.0,0,521511,218,33681215
2004-07-21,65.0,66.0,66.0,63.5,1.0,1,549526,205,35559515
2004-07-22,65.0,66.0,66.0,64.5,0.0,0,250638,127,16398897
2004-07-23,65.5,65.0,65.5,65.0,-1.0,-1,297000,103,19344000
2004-07-26,65.0,65.0,65.0,64.5,0.0,0,175292,105,11340383
2004-07-27,64.5,66.5,66.5,64.5,1.5,1,218600,115,14344802
2004-07-28,66.5,68.0,68.0,66.0,1.5,1,232378,119,15590008
2004-07-29,68.0,68.5,68.5,67.0,0.5,1,195078,112,13285436
2004-07-30,68.5,70.0,70.0,68.0,1.5,1,309400,187,21461760
2004-08-02,69.0,69.5,70.0,69.0,-0.5,-1,146017,82,10113832
2004-08-03,69.5,69.5,69.5,68.5,0.0,0,245260,76,16938978
2004-08-04,69.0,69.0,69.0,68.0,-0.5,-1,210000,93,14431000
2004-08-05,69.0,71.0,71.0,68.5,2.0,1,310000,171,21642000
2004-08-06,70.5,71.5,72.0,70.0,0.5,1,285120,160,20326476
2004-08-09,71.0,70.0,71.0,70.0,-1.5,-1,262011,156,18444282
2004-08-10,69.5,69.5,70.0,68.5,-0.5,-1,196500,141,13593325
2004-08-11,69.5,67.5,69.5,67.5,-2.0,-1,315000,206,21461000
2004-08-12,67.0,68.0,68.0,66.5,0.5,1,179874,108,12087197
2004-08-13,67.0,67.0,68.0,66.5,-1.0,-1,258000,173,17310500
2004-08-16,67.0,67.5,67.5,65.0,0.5,1,537317,222,35983630
2004-08-17,67.5,66.0,67.5,66.0,-1.5,-1,112276,71,7466536
2004-08-18,66.0,67.5,67.5,65.5,1.5,1,456540,275,30242961
2004-08-19,67.5,68.5,68.5,67.0,1.0,1,554000,349,37611500
2004-08-20,68.0,67.5,68.5,67.5,-1.0,-1,514111,223,34912214
2004-08-23,67.5,67.5,68.0,67.0,0.0,0,291165,140,19631581
2004-08-26,67.5,69.0,69.0,67.5,1.5,1,1506109,533,102905319
2004-08-27,69.5,67.5,69.5,67.5,-1.5,-1,545708,196,37541600
2004-08-30,67.5,66.0,67.5,66.0,-1.5,-1,406821,261,27086454
2004-08-31,66.0,67.0,67.5,65.5,1.0,1,357015,217,23785991
2004-09-01,67.0,67.5,68.0,67.0,0.5,1,214759,155,14507226
2004-09-02,67.5,67.0,67.5,66.5,-0.5,-1,265699,105,17809417
2004-09-03,67.0,66.5,67.0,65.0,-0.5,-1,422153,157,27978175
2004-09-06,66.0,66.5,66.5,65.5,0.0,0,82225,61,5442358
2004-09-07,66.5,66.5,67.0,66.0,0.0,0,204571,117,13605593
2004-09-08,66.5,65.0,67.5,65.0,-1.5,-1,711359,231,47058909
2004-09-09,65.0,63.5,65.0,62.5,-1.5,-1,1315625,441,83522920
2004-09-10,63.5,64.0,64.0,63.0,0.5,1,456766,174,29051574
2004-09-13,64.0,63.5,65.0,63.5,-0.5,-1,813266,314,52183293
2004-09-14,63.5,65.5,66.0,63.5,2.0,1,630230,303,41045065
2004-09-15,65.5,66.5,66.5,65.0,1.0,1,415933,220,27383643
2004-09-16,66.0,66.5,66.5,65.0,0.0,0,331987,161,21846274
2004-09-17,66.5,65.5,66.5,65.0,-1.0,-1,172043,108,11297660
2004-09-20,65.5,65.5,65.5,64.5,0.0,0,161661,128,10539910
2004-09-21,65.5,65.0,65.5,64.5,-0.5,-1,249277,161,16149887
2004-09-22,65.0,64.5,65.0,64.0,-0.5,-1,186786,131,12041165
2004-09-23,64.0,63.5,64.0,63.5,-1.0,-1,276794,177,17596285
2004-09-24,63.5,63.5,64.5,63.5,0.0,0,641876,312,40965023
2004-09-27,63.0,61.5,63.0,60.0,-2.0,-1,743425,418,45877386
2004-09-29,61.0,62.0,62.0,60.5,0.5,1,719836,336,44074901
2004-09-30,62.0,63.0,63.0,61.5,1.0,1,528556,273,32920177
2004-10-01,63.0,64.0,64.0,62.5,1.0,1,446266,206,28220850
2004-10-04,64.0,65.0,65.5,64.0,1.0,1,419221,177,27171929
2004-10-05,65.0,64.0,65.0,63.5,-1.0,-1,341659,171,21900784
2004-10-06,63.5,63.5,64.0,62.5,-0.5,-1,358752,190,22633064
2004-10-07,63.5,64.0,64.5,63.0,0.5,1,316552,198,20103588
2004-10-08,63.5,64.0,64.5,63.0,0.0,0,236309,135,15093355
2004-10-11,64.0,63.0,64.0,62.0,-1.0,-1,216386,149,13596616
2004-10-12,63.0,62.0,63.0,61.5,-1.0,-1,283174,134,17564084
2004-10-13,62.0,61.5,63.0,61.5,-0.5,-1,221652,111,13764908
2004-10-14,61.5,61.0,62.0,61.0,-0.5,-1,254067,139,15564473
2004-10-15,61.0,61.5,61.5,59.5,0.5,1,955021,376,57806464
2004-10-18,61.0,60.5,61.0,60.0,-1.0,-1,249462,143,15080956
2004-10-19,60.5,61.5,61.5,60.0,1.0,1,273426,167,16638015
2004-10-20,61.0,61.5,61.5,60.5,0.0,0,172798,108,10548894
2004-10-21,61.5,62.0,62.0,61.0,0.5,1,322574,160,19901809
2004-10-22,62.0,62.0,62.0,60.5,0.0,0,761605,136,46866821
2004-10-26,60.5,61.0,61.5,60.0,-1.0,-1,243719,117,14803422
2004-10-27,60.5,61.5,61.5,60.0,0.5,1,870906,87,52744983
2004-10-28,61.0,62.0,62.0,61.0,0.5,1,270438,177,16671177
2004-10-29,61.5,61.0,62.0,61.0,-1.0,-1,243174,106,14931176
2004-11-01,61.0,61.0,61.0,60.5,0.0,0,228135,104,13898881
2004-11-02,60.5,62.0,62.0,60.5,1.0,1,415266,170,25559331
2004-11-03,62.0,62.0,62.0,61.5,0.0,0,203518,124,12598832
2004-11-04,62.0,63.0,63.5,61.0,1.0,1,789376,297,49184884
2004-11-05,63.5,63.5,63.5,62.0,0.5,1,665573,223,41817092
2004-11-08,63.5,63.0,63.5,62.5,-0.5,-1,284908,92,17949545
2004-11-09,63.0,62.5,63.0,62.5,-0.5,-1,352946,109,22183793
2004-11-10,63.0,63.0,63.0,62.5,0.5,1,385866,161,24300025
2004-11-11,63.0,63.0,63.0,62.0,0.0,0,163143,76,10215463
2004-11-12,63.0,63.0,63.5,62.5,0.0,0,332955,127,20989216
2004-11-15,63.0,63.5,63.5,62.5,0.5,1,303429,127,19178568
2004-11-16,63.5,63.0,63.5,63.0,-0.5,-1,211387,90,13323307
2004-11-17,63.0,64.0,64.0,63.0,1.0,1,641576,214,40596603
2004-11-18,64.0,65.0,65.5,64.0,1.0,1,769315,355,49817915
2004-11-19,65.0,65.0,65.5,64.5,0.0,0,300373,140,19493795
2004-11-22,64.0,63.5,64.5,63.5,-1.5,-1,259815,121,16608710
2004-11-23,63.5,65.0,65.0,63.5,1.5,1,299916,130,19233548
2004-11-24,64.0,66.5,67.5,64.0,1.5,1,1263123,273,83371621
2004-11-25,66.5,66.5,67.0,65.5,0.0,0,310912,203,20590492
2004-11-26,66.0,66.0,66.5,65.5,-0.5,-1,319291,156,21109251
2004-11-29,66.0,66.0,66.0,65.5,0.0,0,176120,87,11597379
2004-11-30,65.5,66.0,66.0,64.0,0.0,0,207193,97,13533672
2004-12-01,64.5,66.0,66.0,64.5,0.0,0,200603,121,13116096
2004-12-02,66.0,65.5,66.0,65.5,-0.5,-1,125076,77,8224658
2004-12-03,65.5,65.5,65.5,64.5,0.0,0,107000,74,6979500
2004-12-06,65.0,64.5,65.0,64.5,-1.0,-1,127968,73,8303582
2004-12-07,64.5,63.5,64.5,63.0,-1.0,-1,266488,149,16984148
2004-12-08,63.5,63.5,64.0,63.0,0.0,0,110948,66,7049073
2004-12-09,63.5,63.0,64.0,63.0,-0.5,-1,326507,164,20684709
2004-12-10,63.0,64.0,64.0,63.0,1.0,1,200698,98,12728930
2004-12-13,64.0,65.5,65.5,64.0,1.5,1,496338,229,32095022
2004-12-14,65.5,66.0,66.0,65.5,0.5,1,238450,109,15690325
2004-12-15,66.0,66.0,66.5,65.5,0.0,0,310541,118,20481526
2004-12-16,65.5,66.0,66.0,65.5,0.0,0,215707,111,14204931
2004-12-17,65.5,66.0,66.0,65.0,0.0,0,214295,96,14038546
2004-12-20,65.0,65.0,65.5,64.5,-1.0,-1,115720,73,7541448
2004-12-21,65.0,65.5,65.5,64.5,0.5,1,198884,88,12963004
2004-12-22,65.5,67.0,67.5,65.5,1.5,1,1325604,319,87581862
2004-12-23,67.0,66.5,67.0,65.5,-0.5,-1,150435,107,9944468
2004-12-24,66.5,66.5,66.5,66.0,0.0,0,161814,81,10731671
2004-12-27,66.5,66.0,66.5,65.5,-0.5,-1,157736,82,10419351
2004-12-28,65.5,66.5,66.5,65.5,0.5,1,165624,116,10911977
2004-12-29,65.5,67.5,67.5,65.5,1.0,1,385029,174,25664578
2004-12-30,67.0,68.0,68.5,66.5,0.5,1,716413,213,48368054
2004-12-31,68.0,68.0,68.0,67.5,0.0,0,291744,115,19811654
2005-01-03,68.0,68.0,68.0,67.5,0.0,0,229000,96,15492000
2005-01-04,67.5,68.0,68.0,67.0,0.0,0,214724,108,14518460
2005-01-05,67.5,67.5,67.5,67.0,-0.5,-1,124205,79,8367183
2005-01-06,67.0,67.0,67.0,66.5,-0.5,-1,377151,128,25165141
2005-01-07,66.5,66.5,66.5,66.0,-0.5,-1,185000,85,12269000
2005-01-10,66.0,65.5,66.0,65.5,-1.0,-1,263852,92,17389026
2005-01-11,65.5,66.5,66.5,65.0,1.0,1,426152,130,28092905
2005-01-12,66.5,65.0,66.5,65.0,-1.5,-1,239972,101,15701964
2005-01-13,65.0,64.5,65.5,64.5,-0.5,-1,174873,115,11332454
2005-01-14,64.5,65.5,65.5,64.0,1.0,1,257248,122,16669413
2005-01-17,65.5,65.5,66.0,65.0,0.0,0,150974,88,9888642
2005-01-18,65.5,65.5,65.5,64.5,0.0,0,295642,152,19218506
2005-01-19,65.5,66.0,66.0,64.5,0.5,1,254798,127,16636004
2005-01-20,64.5,66.0,66.0,64.5,0.0,0,288950,169,18808385
2005-01-21,65.0,65.5,65.5,64.5,-0.5,-1,171980,115,11165022
2005-01-24,65.0,64.5,65.0,64.5,-1.0,-1,108903,56,7045847
2005-01-25,64.5,65.0,65.0,64.0,0.5,1,223640,116,14367068
2005-01-26,65.0,65.0,65.0,64.5,0.0,0,113956,69,7378323
2005-01-27,65.0,64.0,65.0,63.0,-1.0,-1,373000,206,23796500
2005-01-28,64.0,64.5,64.5,63.5,0.5,1,192391,117,12371897
2005-01-31,64.0,67.0,67.0,64.0,2.5,1,604794,301,39870787
2005-02-01,67.0,67.0,67.0,66.0,0.0,0,288254,158,19182063
2005-02-02,67.0,68.0,68.5,66.5,1.0,1,711054,265,48050918
2005-02-03,68.0,67.5,68.0,67.0,-0.5,-1,357897,152,24139007
2005-02-14,67.5,68.5,68.5,67.5,1.0,1,658000,312,44743500
2005-02-15,68.0,68.0,68.5,68.0,-0.5,-1,660308,361,44935284
2005-02-16,68.0,70.0,70.0,68.0,2.0,1,984134,419,68010043
2005-02-17,69.5,69.5,70.0,69.0,-0.5,-1,568048,223,39414640
2005-02-18,69.0,70.0,70.5,69.0,0.5,1,716484,279,50060914
2005-02-21,70.0,71.0,72.0,69.5,1.0,1,719431,270,51079464
2005-02-22,71.0,70.0,71.0,69.5,-1.0,-1,415567,159,29069965
2005-02-23,69.0,70.0,70.0,69.0,0.0,0,364676,179,25354875
2005-02-24,70.0,70.0,71.0,69.5,0.0,0,525165,213,36823288
2005-02-25,70.0,70.0,71.0,69.5,0.0,0,449561,186,31420367
2005-03-01,69.5,69.3,69.8,69.1,-0.7,-1,171797,99,11911855
2005-03-02,69.2,68.8,69.2,68.8,-0.5,-1,470532,197,32452176
2005-03-03,68.8,69.1,69.1,68.7,0.3,1,780885,261,53870124
2005-03-04,69.0,70.3,70.3,68.5,1.2,1,829494,275,57627060
2005-03-07,70.4,71.3,71.6,70.4,1.0,1,1121002,369,79512255
2005-03-08,71.3,71.6,71.6,71.0,0.3,1,868097,270,61940098
2005-03-09,71.3,71.5,71.6,71.0,-0.1,-1,545915,148,38946796
2005-03-10,71.5,70.6,71.5,69.9,-0.9,-1,512005,209,35936872
2005-03-11,70.4,71.3,71.6,70.0,0.7,1,612707,204,43436435
2005-03-14,70.0,70.4,71.0,70.0,-0.9,-1,275998,136,19449770
2005-03-15,70.0,69.7,70.3,69.6,-0.7,-1,359454,172,25077235
2005-03-16,69.7,69.9,69.9,69.3,0.2,1,249105,110,17348178
2005-03-17,69.5,69.6,69.6,68.0,-0.3,-1,249985,158,17206854
2005-03-18,68.7,69.2,69.4,68.5,-0.4,-1,223000,118,15351900
2005-03-21,69.2,69.2,69.3,68.7,0.0,0,327152,163,22549513
2005-03-22,69.2,68.5,69.2,68.2,-0.7,-1,222482,114,15246785
2005-03-23,68.3,68.3,68.4,67.7,-0.2,-1,213898,94,14547397
2005-03-24,68.3,68.3,68.4,67.7,0.0,0,238325,120,16214433
2005-03-25,68.0,68.3,68.4,67.9,0.0,0,262718,134,17897136
2005-03-28,68.3,68.9,68.9,68.2,0.6,1,389772,167,26681806
2005-03-29,68.9,68.4,68.9,67.6,-0.5,-1,338186,181,23073147
2005-03-30,67.7,68.0,68.0,66.8,-0.4,-1,371886,216,25089891
2005-03-31,68.3,68.7,68.8,67.5,0.7,1,539813,243,36859464
2005-04-01,68.7,68.1,68.7,67.6,-0.6,-1,180875,103,12306554
2005-04-04,68.0,68.0,68.0,67.5,-0.1,-1,199000,110,13498300
2005-04-06,68.0,67.5,68.2,67.2,-0.5,-1,218000,129,14750600
2005-04-07,67.5,66.1,67.5,66.1,-1.4,-1,342158,186,22778311
2005-04-08,66.2,67.5,67.5,66.2,1.4,1,1566488,398,104356248
2005-04-11,67.0,66.8,67.0,66.3,-0.7,-1,446626,159,29813718
2005-04-12,66.8,66.0,66.8,65.1,-0.8,-1,291376,173,19165646
2005-04-13,65.5,64.8,65.5,64.6,-1.2,-1,460991,222,30021012
2005-04-14,64.0,65.0,65.0,64.0,0.2,1,550151,234,35530834
2005-04-15,64.1,64.7,64.9,64.1,-0.3,-1,296000,143,19114400
2005-04-18,64.7,64.1,64.8,63.1,-0.6,-1,355390,198,22656273
2005-04-19,64.0,64.9,64.9,63.5,0.8,1,305226,177,19654348
2005-04-20,64.8,64.9,64.9,64.0,0.0,0,422616,246,27269740
2005-04-21,64.5,66.0,66.0,64.1,1.1,1,720336,299,46803794
2005-04-22,66.1,66.0,66.7,66.0,0.0,0,625039,290,41437759
2005-04-25,66.0,65.5,66.0,65.0,-0.5,-1,291238,152,19034397
2005-04-26,65.5,64.8,65.5,64.3,-0.7,-1,571662,306,36997909
2005-04-27,64.5,63.7,64.5,63.5,-1.1,-1,307775,166,19616332
2005-04-28,63.7,63.6,63.7,62.0,-0.1,-1,843266,322,53171659
2005-04-29,63.2,63.5,63.5,62.8,-0.1,-1,325697,156,20590605
2005-05-03,63.5,63.7,64.1,63.4,0.2,1,365097,175,23211527
2005-05-04,63.4,63.0,63.4,62.6,-0.7,-1,305438,126,19228860
2005-05-05,63.2,63.7,63.7,63.0,0.7,1,584406,240,36996225
2005-05-06,63.7,64.4,64.4,63.5,0.7,1,590847,245,37798639
2005-05-09,64.4,63.6,64.4,63.3,-0.8,-1,283887,162,18080029
2005-05-10,63.5,63.6,63.6,63.1,0.0,0,484617,178,30677143
2005-05-11,63.4,63.2,63.5,62.6,-0.4,-1,550081,232,34658625
2005-05-12,63.2,63.3,63.7,62.8,0.1,1,562825,171,35681352
2005-05-13,63.1,63.0,63.3,62.2,-0.3,-1,887325,351,55667426
2005-05-16,63.0,62.1,63.0,62.0,-0.9,-1,379583,197,23634521
2005-05-17,62.1,62.9,63.3,62.1,0.8,1,863230,372,54140388
2005-05-18,62.8,62.7,62.8,61.8,-0.2,-1,536040,241,33365281
2005-05-19,62.5,64.5,64.6,62.5,1.8,1,1130486,413,71726294
2005-05-20,64.5,64.3,64.9,63.8,-0.2,-1,615992,271,39697023
2005-05-23,64.1,63.5,64.3,63.3,-0.8,-1,157514,107,10023779
2005-05-24,63.2,63.7,63.7,62.9,0.2,1,486175,225,30765712
2005-05-25,63.7,63.3,63.7,63.0,-0.4,-1,364097,147,23049783
2005-05-26,63.1,63.0,63.3,62.8,-0.3,-1,322342,147,20318075
2005-05-27,63.0,63.5,63.5,63.0,0.5,1,479624,230,30363110
2005-05-30,63.4,63.3,63.5,63.1,-0.2,-1,406032,177,25696799
2005-05-31,63.0,62.8,63.1,62.6,-0.5,-1,697495,272,43839774
2005-06-01,62.7,63.0,63.0,62.7,0.2,1,423931,169,26667268
2005-06-02,63.0,63.0,63.4,62.8,0.0,0,838302,348,52853329
2005-06-03,62.9,63.8,63.8,62.8,0.8,1,917673,391,57971461
2005-06-06,63.7,64.7,64.9,63.6,0.9,1,1496564,610,96472601
2005-06-07,64.6,64.8,65.1,64.5,0.1,1,783733,355,50748751
2005-06-08,64.8,65.0,65.3,64.5,0.2,1,1020211,399,66283802
2005-06-09,65.0,64.8,65.2,64.5,-0.2,-1,405701,184,26259033
2005-06-10,64.7,65.0,65.0,64.6,0.2,1,503621,194,32632035
2005-06-13,65.0,65.6,65.6,64.9,0.6,1,547585,261,35633369
2005-06-14,65.6,64.6,65.6,64.6,-1.0,-1,539918,237,35148954
2005-06-15,64.7,67.1,67.1,64.7,2.5,1,2432436,896,161612257
2005-06-16,67.1,67.1,67.5,66.3,0.0,0,1351409,509,90531279
2005-06-17,67.0,66.6,67.1,66.1,-0.5,-1,673094,315,44922033
2005-06-20,66.6,66.3,66.6,66.0,-0.3,-1,480861,252,31875908
2005-06-21,66.1,66.1,66.3,65.5,-0.2,-1,538575,220,35531884
2005-06-22,66.0,66.3,66.5,66.0,0.2,1,491185,214,32515122
2005-06-23,66.1,65.5,66.8,65.5,-0.8,-1,604241,311,40117111
2005-06-24,65.3,65.5,65.5,64.7,0.0,0,462389,263,30126220
2005-06-27,65.0,65.1,65.4,65.0,-0.4,-1,240265,111,15650238
2005-06-28,64.8,65.7,65.7,64.8,0.6,1,336000,157,21928100
2005-06-29,65.5,65.5,65.6,65.0,-0.2,-1,396518,216,25914330
2005-06-30,65.2,66.0,66.0,65.0,0.5,1,329680,149,21605683
2005-07-01,65.8,65.7,65.8,65.3,-0.3,-1,303598,124,19900970
2005-07-04,65.5,65.7,65.7,65.3,0.0,0,329405,177,21588543
2005-07-05,65.6,65.7,65.7,65.3,0.0,0,269437,152,17653803
2005-07-06,65.7,66.6,66.8,65.7,0.9,1,915909,387,60841819
2005-07-07,66.6,66.0,66.6,66.0,-0.6,-1,373102,187,24695517
2005-07-08,65.9,66.3,66.4,65.6,0.3,1,367290,150,24278944
2005-07-11,66.3,67.3,67.5,66.3,1.0,1,1500766,591,100457882
2005-07-12,67.3,67.5,67.5,66.6,0.2,1,1273296,453,85493276
2005-07-13,67.5,67.4,67.5,67.0,-0.1,-1,623071,249,41917127
2005-07-14,67.3,67.5,68.5,67.3,0.1,1,1412931,521,96031849
2005-07-15,67.5,69.2,69.5,67.3,1.7,1,2212304,821,151856675
2005-07-19,69.1,69.3,69.3,68.7,0.1,1,1201824,433,82808479
2005-07-20,69.6,70.2,71.5,69.6,0.9,1,3385363,1204,239050825
2005-07-21,67.0,69.3,70.1,67.0,-0.9,-1,1649053,569,114137750
2005-07-22,69.0,69.0,69.1,68.3,-0.3,-1,1014935,361,69713007
2005-07-25,69.0,69.0,69.1,68.2,0.0,0,393793,198,27074887
2005-07-26,68.8,68.6,68.9,68.2,-0.4,-1,665002,346,45614933
2005-07-27,68.4,68.0,68.6,67.7,-0.6,-1,757077,283,51493752
2005-07-28,68.0,70.5,71.2,68.0,2.5,1,3031156,938,211858326
2005-07-29,70.5,69.9,70.9,69.5,-0.6,-1,1486480,463,104284998
2005-08-01,69.7,69.3,69.8,68.8,-0.6,-1,527798,218,36481644
2005-08-02,69.0,68.3,69.3,67.6,-1.0,-1,654000,287,44756100
2005-08-03,68.3,68.9,69.6,67.8,0.6,1,2306000,804,158618800
2005-08-04,60.0,61.7,61.7,59.6,0.0,0,2530000,1023,153655500
2005-08-08,61.2,61.8,62.6,60.6,0.1,1,2336996,848,144604920
2005-08-09,61.9,61.4,62.1,61.0,-0.4,-1,1047713,505,64484740
2005-08-10,61.0,60.5,61.3,60.3,-0.9,-1,1823974,762,110957000
2005-08-11,60.4,60.5,60.5,59.9,0.0,0,1710692,641,102895540
2005-08-12,60.7,62.5,62.7,60.7,2.0,1,2753721,1118,170735584
2005-08-15,62.5,62.5,62.8,61.5,0.0,0,1857308,655,115495951
2005-08-16,62.6,62.0,62.7,61.9,-0.5,-1,783300,364,48732653
2005-08-17,62.0,62.3,62.7,61.9,0.3,1,812885,351,50521895
2005-08-18,62.1,61.1,62.3,61.0,-1.2,-1,852013,473,52452105
2005-08-19,60.7,60.0,60.8,60.0,-1.1,-1,739642,372,44640315
2005-08-22,60.0,60.6,60.8,59.8,0.6,1,688000,297,41487500
2005-08-23,60.2,60.3,60.8,60.2,-0.3,-1,448436,250,27119385
2005-08-24,60.0,59.4,60.2,59.1,-0.9,-1,453451,244,26991054
2005-08-25,59.4,58.0,59.4,57.1,-1.4,-1,1081000,569,63089000
2005-08-26,57.8,57.5,57.9,57.2,-0.5,-1,591000,306,33999800
2005-08-29,57.2,56.1,57.2,55.0,-1.4,-1,1677039,684,93411631
2005-08-30,56.1,55.3,56.3,54.9,-0.8,-1,771641,354,42704572
2005-08-31,55.0,55.5,55.5,54.9,0.2,1,571946,263,31578348
2005-09-02,55.5,56.3,56.4,55.5,0.8,1,753000,344,42170700
2005-09-05,56.1,56.0,56.2,55.7,-0.3,-1,301375,159,16872002
2005-09-06,55.7,56.0,56.1,55.6,0.0,0,601347,291,33588852
2005-09-07,56.3,57.3,57.4,56.3,1.3,1,1405296,591,80069931
2005-09-08,57.1,57.2,57.2,56.7,-0.1,-1,613507,285,34956404
2005-09-09,56.9,56.0,56.9,56.0,-1.2,-1,661000,342,37201300
2005-09-12,56.0,55.9,56.2,55.3,-0.1,-1,651399,322,36302332
2005-09-13,55.5,56.0,56.0,55.4,0.1,1,726756,300,40493147
2005-09-14,55.7,55.9,56.0,55.6,-0.1,-1,431616,204,24089223
2005-09-15,55.7,55.6,55.8,55.3,-0.3,-1,835712,270,46403619
2005-09-16,55.4,55.5,55.6,55.1,-0.1,-1,540000,226,29884000
2005-09-19,55.4,55.5,55.5,55.0,0.0,0,375500,215,20747847
2005-09-20,55.1,56.0,56.0,54.6,0.5,1,841125,412,46520220
2005-09-21,55.8,56.0,56.0,55.5,0.0,0,617275,323,34434495
2005-09-22,55.9,56.0,56.0,55.3,0.0,0,397014,236,22122114
2005-09-23,55.7,54.9,55.8,54.7,-1.1,-1,708507,337,39131101
2005-09-26,54.9,55.1,55.1,54.8,0.2,1,677300,404,37225636
2005-09-27,54.8,54.7,54.9,54.4,-0.4,-1,629712,296,34393921
2005-09-28,54.5,54.2,54.6,53.8,-0.5,-1,668440,305,36190901
2005-09-29,53.8,55.2,55.2,53.8,1.0,1,804253,406,43848852
2005-09-30,55.2,55.8,55.9,55.0,0.6,1,740048,340,41053927
2005-10-03,55.8,56.2,56.2,55.8,0.4,1,720480,338,40366258
2005-10-04,56.1,55.9,56.1,55.7,-0.3,-1,287817,164,16085783
2005-10-05,55.6,57.3,57.7,55.4,1.4,1,1622134,857,92277087
2005-10-06,57.0,56.8,57.0,56.1,-0.5,-1,593485,324,33655600
2005-10-07,56.4,56.6,56.8,56.2,-0.2,-1,532752,291,30123619
2005-10-11,56.3,55.5,56.4,55.3,-1.1,-1,837157,399,46713484
2005-10-12,55.0,54.5,55.2,54.5,-1.0,-1,1007766,381,55117813
2005-10-13,54.2,56.0,56.0,53.8,1.5,1,561802,304,30536199
2005-10-14,55.5,55.3,55.6,55.1,-0.7,-1,427765,245,23677713
2005-10-17,55.0,54.5,55.1,54.3,-0.8,-1,739881,306,40376171
2005-10-18,54.4,54.9,54.9,54.3,0.4,1,381066,239,20767515
2005-10-19,54.5,54.3,54.5,54.0,-0.6,-1,683736,313,37037914
2005-10-20,54.0,54.2,54.6,53.8,-0.1,-1,917027,399,49683396
2005-10-21,53.8,53.8,53.9,53.6,-0.4,-1,469160,260,25224063
2005-10-24,53.6,53.3,53.6,52.8,-0.5,-1,442380,213,23521769
2005-10-25,53.3,53.1,53.5,52.9,-0.2,-1,347111,219,18491844
2005-10-26,52.8,52.0,52.9,51.2,-1.1,-1,515687,288,26757519
2005-10-27,51.5,51.0,51.5,51.0,-1.0,-1,294393,199,15064932
2005-10-28,50.2,49.25,50.5,48.8,-1.75,-1,641952,398,31791340
2005-10-31,49.0,49.4,49.5,49.0,0.15,1,694760,414,34267440
2005-11-01,49.4,50.7,51.0,49.4,1.3,1,1132118,600,56845448
2005-11-02,50.3,49.9,50.5,49.2,-0.8,-1,583236,379,29041770
2005-11-03,49.8,49.4,49.8,49.1,-0.5,-1,540342,357,26728078
2005-11-04,49.25,49.3,50.2,49.2,-0.1,-1,757182,399,37550141
2005-11-07,49.3,48.6,49.45,48.5,-0.7,-1,433335,244,21257379
2005-11-08,48.5,47.5,48.5,46.8,-1.1,-1,794886,458,37721187
2005-11-09,47.0,50.0,50.0,46.9,2.5,1,1210060,752,59244820
2005-11-10,49.9,50.7,50.8,49.6,0.7,1,1208820,675,60674087
2005-11-11,50.7,51.7,51.7,50.7,1.0,1,1395808,699,71517730
2005-11-14,51.5,52.0,52.0,51.4,0.3,1,656474,402,33903937
2005-11-15,51.5,51.0,51.6,50.5,-1.0,-1,395604,239,20155588
2005-11-16,50.5,50.8,50.8,49.9,-0.2,-1,382229,247,19272532
2005-11-17,50.4,50.3,50.5,49.9,-0.5,-1,247149,158,12399067
2005-11-18,50.3,51.0,51.4,50.3,0.7,1,630776,297,32098930
2005-11-21,50.8,50.4,50.9,50.3,-0.6,-1,463582,234,23454720
2005-11-22,50.2,50.9,51.1,50.2,0.5,1,494196,251,25082904
2005-11-23,50.7,51.7,51.9,50.7,0.8,1,571608,322,29317386
2005-11-24,51.5,51.6,51.7,51.1,-0.1,-1,383306,236,19712218
2005-11-25,51.2,52.5,52.8,51.2,0.9,1,902799,426,47117735
2005-11-28,52.4,53.5,53.5,52.4,1.0,1,944884,434,49958982
2005-11-29,53.5,54.6,54.9,52.6,1.1,1,1618386,894,87572731
2005-11-30,54.5,54.0,54.5,53.8,-0.6,-1,563993,301,30556756
2005-12-01,54.0,54.5,54.8,53.5,0.5,1,757595,357,41141651
2005-12-02,54.6,55.1,55.3,54.3,0.6,1,974292,407,53465768
2005-12-05,54.9,55.3,55.4,54.5,0.2,1,638147,303,35136496
2005-12-06,55.0,55.4,55.5,54.8,0.1,1,687540,349,37918927
2005-12-07,55.3,55.5,55.6,55.0,0.1,1,600487,295,33236478
2005-12-08,55.5,55.3,56.0,54.8,-0.2,-1,1191142,358,66204195
2005-12-09,54.8,54.2,54.9,53.8,-1.1,-1,761118,281,41355249
2005-12-12,54.0,53.7,54.0,52.7,-0.5,-1,872498,413,46426268
2005-12-13,53.3,53.6,53.9,53.3,-0.1,-1,464762,186,24906442
2005-12-14,53.5,54.1,54.2,53.5,0.5,1,496366,215,26764145
2005-12-15,53.9,54.5,54.5,53.9,0.4,1,546068,195,29588575
2005-12-16,54.3,54.2,54.6,54.1,-0.3,-1,601731,303,32704088
2005-12-19,54.0,55.0,55.1,54.0,0.8,1,711755,281,38889425
2005-12-20,54.7,54.5,54.9,54.1,-0.5,-1,360621,152,19638734
2005-12-21,54.3,54.5,54.5,53.7,0.0,0,578044,303,31262876
2005-12-22,54.9,55.5,56.2,54.8,1.0,1,1296363,643,71875686
2005-12-23,55.3,55.5,55.7,55.1,0.0,0,802033,347,44474119
2005-12-26,55.6,55.5,55.8,55.2,0.0,0,669213,275,37199792
2005-12-27,55.2,55.0,55.2,54.2,-0.5,-1,426682,241,23371566
2005-12-28,54.0,54.4,54.5,53.9,-0.6,-1,264175,123,14341630
2005-12-29,54.1,54.3,54.6,53.8,-0.1,-1,548690,226,29749418
2005-12-30,54.0,53.8,54.2,53.5,-0.5,-1,420754,215,22627638
2006-01-02,53.0,53.3,53.5,52.6,-0.5,-1,406799,209,21557947
2006-01-03,53.0,53.9,53.9,52.8,0.6,1,558927,312,29907092
2006-01-04,53.9,53.8,54.0,53.4,-0.1,-1,594659,297,31942320
2006-01-05,53.5,53.9,54.1,53.5,0.1,1,1032070,434,55492050
2006-01-06,53.9,53.3,54.1,53.0,-0.6,-1,1041183,476,55644859
2006-01-09,53.2,54.5,54.6,53.1,1.2,1,1078698,524,58386692
2006-01-10,54.5,54.1,54.5,53.5,-0.4,-1,464599,219,25038125
2006-01-11,53.8,52.8,53.8,52.6,-1.3,-1,1034239,496,55013646
2006-01-12,53.0,53.9,54.0,53.0,1.1,1,931957,563,49997964
2006-01-13,53.6,53.2,53.6,53.0,-0.7,-1,405152,199,21563956
2006-01-16,52.9,53.9,53.9,52.8,0.7,1,431105,240,23014295
2006-01-17,53.7,54.0,54.3,53.6,0.1,1,569262,288,30717292
2006-01-18,53.5,52.3,53.5,51.7,-1.7,-1,483756,263,25480612
2006-01-19,51.5,50.5,52.0,50.1,-1.8,-1,994785,503,50398040
2006-01-20,50.2,50.1,50.4,49.25,-0.4,-1,1034812,494,51480722
2006-01-23,49.7,50.1,50.1,49.3,0.0,0,591509,254,29354381
2006-01-24,50.0,50.0,50.2,49.7,-0.1,-1,729727,305,36440102
2006-01-25,49.75,49.6,49.8,49.5,-0.4,-1,1106491,449,54911776
2006-02-03,49.5,49.4,49.65,49.3,-0.2,-1,627520,347,31053988
2006-02-06,49.25,49.4,49.4,48.85,0.0,0,630000,439,30907300
2006-02-07,49.3,50.5,50.5,49.25,1.1,1,1524952,887,76260375
2006-02-08,50.2,49.55,50.2,49.3,-0.95,-1,550842,387,27324499
2006-02-09,49.55,49.4,49.7,49.2,-0.15,-1,575772,368,28465037
2006-02-10,49.3,48.45,49.3,48.2,-0.95,-1,695229,449,33851392
2006-02-13,48.0,47.7,48.1,47.5,-0.75,-1,629821,387,30081546
2006-02-14,47.3,47.7,47.7,47.3,0.0,0,699501,475,33228047
2006-02-15,47.7,48.35,48.5,47.7,0.65,1,1648846,970,79567750
2006-02-16,48.25,48.9,48.9,48.25,0.55,1,1093579,635,53089236
2006-02-17,48.95,49.5,49.5,48.95,0.6,1,1615333,903,79449414
2006-02-20,46.75,48.5,49.1,46.75,-1.0,-1,732145,512,35225548
2006-02-21,48.3,47.6,48.3,47.15,-0.9,-1,616722,407,29332450
2006-02-22,47.3,47.0,47.35,46.8,-0.6,-1,505356,305,23742008
2006-02-23,46.7,46.5,46.8,46.05,-0.5,-1,695120,448,32163828
2006-02-24,45.5,46.3,46.6,45.5,-0.2,-1,611377,318,28170700
2006-02-27,46.1,46.95,46.95,46.0,0.65,1,577014,335,26781348
2006-03-01,46.8,47.3,47.3,46.5,0.35,1,741244,368,34790352
2006-03-02,47.3,47.0,47.35,46.75,-0.3,-1,468491,289,22037400
2006-03-03,46.85,46.35,46.9,46.3,-0.65,-1,300871,163,13982619
2006-03-06,46.1,47.5,47.55,46.0,1.15,1,1096286,622,51599284
2006-03-07,47.3,47.05,47.35,47.0,-0.45,-1,420006,201,19785954
2006-03-08,47.05,48.25,48.25,47.05,1.2,1,1956835,1053,93637283
2006-03-09,48.1,48.1,48.2,47.7,-0.15,-1,716974,343,34405655
2006-03-10,47.95,47.9,47.95,47.55,-0.2,-1,476307,269,22761175
2006-03-13,48.0,48.0,48.1,47.5,0.1,1,571699,273,27357110
2006-03-14,47.9,47.8,47.9,47.4,-0.2,-1,666832,359,31782018
2006-03-15,47.8,49.2,49.3,47.8,1.4,1,1660170,882,80519408
2006-03-16,49.1,48.1,49.1,48.1,-1.1,-1,952876,507,46233715
2006-03-17,47.9,47.65,48.0,47.4,-0.45,-1,668258,370,31794334
2006-03-20,47.65,47.45,47.8,47.1,-0.2,-1,664242,400,31541931
2006-03-21,47.35,47.45,47.45,47.15,0.0,0,590001,316,27892547
2006-03-22,47.25,48.5,48.5,47.2,1.05,1,1323001,700,63456297
2006-03-23,48.3,48.45,48.45,48.1,-0.05,-1,1253056,691,60541496
2006-03-24,48.25,49.0,49.2,48.25,0.55,1,1192059,758,58211920
2006-03-27,49.0,49.0,49.15,48.8,0.0,0,638304,368,31240520
2006-03-28,49.05,49.65,49.65,49.0,0.65,1,1291201,725,63716778
2006-03-29,49.5,49.95,49.95,49.2,0.3,1,543654,311,26871886
2006-03-30,49.8,49.85,49.85,49.2,-0.1,-1,898445,470,44597397
2006-03-31,49.75,49.5,49.75,49.25,-0.35,-1,527771,333,26110170
2006-04-03,49.3,49.1,49.35,49.1,-0.4,-1,596523,374,29341645
2006-04-04,49.0,48.8,49.0,48.7,-0.3,-1,602598,344,29404030
2006-04-06,48.8,49.0,49.1,48.75,0.2,1,823857,573,40350277
2006-04-07,48.95,48.65,48.95,48.3,-0.35,-1,640107,345,31209788
2006-04-10,48.6,48.6,48.6,48.45,-0.05,-1,643649,326,31242775
2006-04-11,48.5,48.8,48.8,48.3,0.2,1,587471,373,28490962
2006-04-12,48.6,48.95,49.1,48.5,0.15,1,825815,479,40383989
2006-04-13,48.9,49.15,49.2,48.9,0.2,1,1950500,1043,95658873
2006-04-14,49.15,49.35,49.35,49.0,0.2,1,1303856,785,64125271
2006-04-17,49.4,49.95,50.8,49.4,0.6,1,2758080,1362,138246371
2006-04-18,50.0,49.5,50.2,49.2,-0.45,-1,1202864,702,59525590
2006-04-19,49.7,50.8,51.1,49.7,1.3,1,3664100,1845,185081746
2006-04-20,51.0,53.0,54.3,50.9,2.2,1,5348273,2516,282490529
2006-04-21,53.2,52.4,53.7,51.8,-0.6,-1,3968609,1659,209085491
2006-04-24,52.3,52.0,52.4,51.8,-0.4,-1,1250320,596,65150507
2006-04-25,51.8,50.5,51.9,49.8,-1.5,-1,2030221,894,102807460
2006-04-26,50.2,51.0,51.1,50.0,0.5,1,1424468,675,72251274
2006-04-27,51.0,50.5,51.0,49.9,-0.5,-1,1415873,558,71306934
2006-04-28,50.3,50.8,50.8,49.8,0.3,1,1008629,530,50779635
2006-05-02,50.8,51.0,51.6,50.6,0.2,1,1754882,903,89699038
2006-05-03,51.0,50.8,51.1,49.4,-0.2,-1,2492741,1047,124838141
2006-05-04,50.8,50.0,50.8,49.9,-0.8,-1,1249526,557,62789289
2006-05-05,50.0,50.7,50.9,50.0,0.7,1,2258922,831,114160379
2006-05-08,50.7,51.5,52.0,50.7,0.8,1,2745888,1130,141215860
2006-05-09,51.5,51.3,51.6,50.8,-0.2,-1,1583083,657,81156219
2006-05-10,51.0,50.8,51.1,49.9,-0.5,-1,1418857,684,71565303
2006-05-11,50.5,50.9,51.1,50.4,0.1,1,938048,347,47642322
2006-05-12,50.6,51.7,52.2,50.5,0.8,1,1869008,684,95927206
2006-05-15,51.7,52.6,53.8,51.5,0.9,1,3414567,1223,180681419
2006-05-16,52.8,54.5,56.2,52.8,1.9,1,9426109,3431,518942586
2006-05-17,55.0,55.5,58.1,54.6,1.0,1,9105274,3045,514212636
2006-05-18,55.7,57.8,57.9,54.7,2.3,1,6098005,2502,346951173
2006-05-19,58.8,57.0,58.8,56.6,-0.8,-1,4209270,1550,241772530
2006-05-22,57.3,58.1,60.5,57.3,1.1,1,7944734,2879,467574185
2006-05-23,58.1,55.2,58.9,55.0,-2.9,-1,3320436,1345,188397980
2006-05-24,55.7,54.0,56.3,53.2,-1.2,-1,2731083,1217,148798864
2006-05-25,54.1,57.5,57.7,54.1,3.5,1,5182600,2047,293342693
2006-05-26,58.5,56.4,59.5,56.4,-1.1,-1,3524825,1493,205806861
2006-05-29,56.6,57.0,58.0,56.5,0.6,1,1211415,611,69250569
2006-05-30,57.3,56.0,57.5,55.5,-1.0,-1,1288150,622,72514300
2006-06-01,56.4,57.6,58.4,56.2,1.6,1,3130140,1147,179845453
2006-06-02,58.4,58.2,58.5,57.2,0.6,1,2020100,963,117127515
2006-06-05,58.0,55.0,58.1,54.3,-3.2,-1,1719300,849,96370560
2006-06-06,54.0,54.5,55.0,53.1,-0.5,-1,1313978,575,71217000
2006-06-07,54.5,52.8,54.5,52.5,-1.7,-1,924300,457,49455850
2006-06-08,51.3,49.15,52.7,49.15,-3.65,-1,1756201,754,87741839
2006-06-09,49.15,49.15,49.55,46.9,0.0,0,2528561,1036,121388156
2006-06-12,49.55,49.4,49.7,48.9,0.25,1,1141000,530,56263700
2006-06-13,49.5,50.1,51.4,49.5,0.7,1,1805638,822,90939160
2006-06-14,50.9,50.2,50.9,49.7,0.1,1,1351162,524,67697731
2006-06-15,50.2,49.1,50.6,48.7,-1.1,-1,1320000,507,65206500
2006-06-16,49.5,50.0,50.8,49.5,0.9,1,1202570,534,60312200
2006-06-19,50.0,50.2,50.3,49.5,0.2,1,730724,265,36456663
2006-06-20,49.85,48.7,50.2,48.25,-1.5,-1,1177921,420,57955401
2006-06-21,48.5,47.5,49.0,47.2,-1.2,-1,1007202,410,48096444
2006-06-22,48.0,49.2,49.2,48.0,1.7,1,1007379,396,49157746
2006-06-23,49.0,49.25,49.25,48.1,0.05,1,574120,285,27971849
2006-06-26,49.25,49.4,49.7,48.8,0.15,1,863826,424,42682338
2006-06-27,49.4,49.3,49.4,48.8,-0.1,-1,948332,453,46565301
2006-06-28,49.0,48.75,49.0,47.85,-0.55,-1,706286,379,34152970
2006-06-29,48.75,49.6,49.6,48.75,0.85,1,629366,352,30967980
2006-06-30,50.0,50.0,50.3,49.5,0.4,1,1103474,654,54965830
2006-07-03,50.0,49.7,50.0,49.25,-0.3,-1,697751,276,34541774
2006-07-04,49.8,50.8,51.0,49.8,1.1,1,946624,472,47884547
2006-07-05,50.6,51.1,51.7,50.6,0.3,1,1223625,462,62678810
2006-07-06,51.1,50.9,51.1,50.3,-0.2,-1,299671,149,15193718
2006-07-07,50.9,50.3,50.9,50.0,-0.6,-1,544031,293,27311059
2006-07-10,50.3,50.0,50.3,49.6,-0.3,-1,591549,260,29486788
2006-07-11,50.0,49.6,50.0,49.3,-0.4,-1,743067,330,36862959
2006-07-12,49.6,49.4,49.8,49.1,-0.2,-1,904331,292,44721750
2006-07-13,49.0,48.9,49.1,48.85,-0.5,-1,501106,223,24542344
2006-07-14,48.5,48.45,48.7,48.4,-0.45,-1,474038,218,22991139
2006-07-17,47.6,47.0,47.7,46.8,-1.45,-1,696062,350,32822164
2006-07-18,47.0,47.0,47.05,46.55,0.0,0,637271,343,29842037
2006-07-19,47.05,47.5,47.65,47.0,0.5,1,406120,228,19251350
2006-07-20,47.7,48.5,48.5,47.7,1.0,1,334726,230,16106678
2006-07-21,48.2,48.4,48.4,47.6,-0.1,-1,295458,191,14197875
2006-07-24,47.7,48.3,48.3,47.1,-0.1,-1,237683,132,11366102
2006-07-25,48.5,48.5,49.0,48.25,0.2,1,279563,161,13540842
2006-07-26,48.5,48.2,48.5,47.9,-0.3,-1,183769,100,8863962
2006-07-27,48.0,48.3,48.3,47.8,0.1,1,309200,182,14869800
2006-07-28,48.0,48.5,48.5,48.0,0.2,1,233796,124,11296646
2006-07-31,48.65,48.75,48.75,47.9,0.25,1,340008,175,16491437
2006-08-01,48.3,48.35,48.75,48.25,-0.4,-1,326629,144,15788284
2006-08-02,47.6,47.8,48.25,47.4,-0.55,-1,745300,413,35594639
2006-08-03,47.8,47.95,48.05,47.8,0.15,1,517000,256,24771150
2006-08-04,48.0,48.5,48.5,48.0,0.55,1,439260,293,21204309
2006-08-07,48.0,48.0,48.5,47.8,-0.5,-1,371141,121,17824536
2006-08-08,48.0,48.4,48.4,48.0,0.4,1,490814,210,23604234
2006-08-09,48.1,49.0,49.0,48.1,0.6,1,430235,240,20922868
2006-08-10,49.2,50.2,50.4,49.0,1.2,1,1268781,666,63219353
2006-08-11,50.2,49.95,50.4,49.7,-0.25,-1,644585,296,32185969
2006-08-14,49.2,49.6,49.95,49.2,-0.35,-1,451108,177,22433134
2006-08-15,49.6,49.2,49.6,48.85,-0.4,-1,448031,213,22028124
2006-08-16,49.5,49.8,50.0,49.3,0.6,1,1729879,682,85964244
2006-08-17,50.0,50.0,50.6,49.9,0.2,1,1692205,727,85124706
2006-08-18,50.2,50.0,50.6,49.6,0.0,0,961100,382,48180500
2006-08-21,50.0,48.1,50.0,47.6,-1.9,-1,753303,378,36568547
2006-08-22,48.1,48.1,48.15,47.8,0.0,0,494596,287,23750395
2006-08-23,48.0,47.7,48.0,47.3,-0.4,-1,450409,274,21431920
2006-08-24,47.7,47.7,47.95,47.5,0.0,0,834021,381,39848750
2006-08-25,47.7,47.35,47.75,47.1,-0.35,-1,712000,383,33720950
2006-08-28,47.35,47.05,47.4,46.8,-0.3,-1,348454,218,16375807
2006-08-29,47.1,46.85,47.2,46.85,-0.2,-1,885208,358,41628891
2006-08-30,47.0,48.1,48.6,47.0,1.25,1,3125122,1354,150666606
2006-08-31,43.0,42.2,43.2,42.1,0.0,0,1838520,788,78079910
2006-09-01,42.3,41.8,42.4,41.6,-0.4,-1,900170,679,37618588
2006-09-04,42.0,42.15,42.3,41.9,0.35,1,442100,220,18627500
2006-09-05,42.15,42.8,43.3,42.1,0.65,1,654340,381,27896830
2006-09-06,42.7,42.65,42.9,42.3,-0.15,-1,449420,214,19162196
2006-09-07,42.5,42.5,42.5,42.2,-0.15,-1,130202,86,5514634
2006-09-08,42.2,42.1,42.5,42.0,-0.4,-1,208309,129,8781208
2006-09-11,42.35,42.5,42.85,42.35,0.4,1,512704,232,21836779
2006-09-12,42.55,42.1,42.65,42.1,-0.4,-1,337365,174,14245280
2006-09-13,42.2,42.1,42.3,42.0,0.0,0,365067,171,15376808
2006-09-14,42.1,40.0,42.2,39.25,-2.1,-1,1152000,595,46834850
2006-09-15,40.05,40.15,40.35,39.4,0.15,1,1185535,414,47309400
2006-09-18,40.5,41.05,41.4,40.5,0.9,1,2552062,833,104684678
2006-09-19,41.1,41.55,42.0,41.05,0.5,1,1058264,419,43997115
2006-09-20,41.5,41.35,42.0,41.25,-0.2,-1,431158,213,17872800
2006-09-21,42.0,41.5,42.0,41.25,0.15,1,594648,286,24668943
2006-09-22,41.2,41.5,41.5,41.2,0.0,0,469282,207,19411417
2006-09-25,42.0,44.0,44.4,42.0,2.5,1,3243853,1618,141132382
2006-09-26,44.0,43.7,44.3,43.0,-0.3,-1,1090281,547,47532032
2006-09-27,43.7,42.9,43.7,42.7,-0.8,-1,541645,370,23294718
2006-09-28,42.9,43.0,43.4,42.4,0.1,1,486515,252,20897588
2006-09-29,42.8,42.0,42.8,41.9,-1.0,-1,1341203,624,56585666
2006-10-02,42.0,41.0,42.0,41.0,-1.0,-1,1037158,449,43182493
2006-10-03,41.0,41.2,41.7,41.0,0.2,1,986480,498,40688819
2006-10-04,41.2,40.9,41.3,40.5,-0.3,-1,1967446,544,80388174
2006-10-05,41.1,41.35,41.7,40.9,0.45,1,1592576,618,65593575
2006-10-11,41.35,41.15,41.4,41.0,-0.2,-1,829102,292,34146553
2006-10-12,41.0,40.6,41.15,40.55,-0.55,-1,731296,414,29783693
2006-10-13,41.0,40.75,41.0,40.6,0.15,1,800952,495,32631520
2006-10-14,40.75,40.15,40.85,40.1,-0.6,-1,886931,557,35778438
2006-10-16,40.15,40.5,40.9,39.8,0.35,1,2615836,1183,105532589
2006-10-17,40.55,40.75,40.9,40.5,0.25,1,1288472,562,52506423
2006-10-18,40.9,40.2,40.9,40.1,-0.55,-1,697025,439,28114595
2006-10-19,40.2,40.3,40.4,40.1,0.1,1,461317,263,18564863
2006-10-20,40.3,41.15,41.25,40.3,0.85,1,952172,580,38878315
2006-10-23,41.15,40.5,41.15,40.5,-0.65,-1,577659,308,23508465
2006-10-24,40.5,40.55,40.85,40.45,0.05,1,581345,319,23593427
2006-10-25,40.55,40.45,40.8,40.35,-0.1,-1,583658,259,23636859
2006-10-26,40.5,40.3,40.65,40.2,-0.15,-1,644641,269,26062073
2006-10-27,40.3,40.3,40.45,40.05,0.0,0,845683,343,34038566
2006-10-30,40.3,40.0,40.35,39.9,-0.3,-1,966292,419,38757808
2006-10-31,40.0,40.35,40.5,40.0,0.35,1,667266,290,26873574
2006-11-01,40.35,40.4,40.5,40.3,0.05,1,595750,224,24067895
2006-11-02,40.4,40.35,40.4,40.25,-0.05,-1,1000958,349,40362391
2006-11-03,40.35,40.6,40.8,40.3,0.25,1,1627301,664,66004883
2006-11-06,40.6,42.8,43.0,40.6,2.2,1,9988987,3613,419347157
2006-11-07,43.0,43.55,45.0,42.85,0.75,1,6037796,2385,264409036
2006-11-08,43.8,42.7,43.9,42.65,-0.85,-1,2217699,1048,95376366
2006-11-09,42.95,42.7,43.7,42.55,0.0,0,2661992,1081,114713755
2006-11-10,43.0,42.4,43.2,42.3,-0.3,-1,1098503,471,46891422
2006-11-13,42.4,41.7,42.5,41.7,-0.7,-1,1229910,538,51526740
2006-11-14,41.7,41.9,42.3,41.3,0.2,1,1598032,627,66790023
2006-11-15,42.1,42.1,43.1,42.05,0.2,1,2685069,856,114116781
2006-11-16,42.15,41.85,42.25,41.5,-0.25,-1,1208189,559,50433314
2006-11-17,41.9,42.2,42.45,41.65,0.35,1,1293547,591,54447687
2006-11-20,42.0,42.0,42.25,41.9,-0.2,-1,545746,276,22934326
2006-11-21,42.0,42.6,42.95,42.0,0.6,1,1388472,625,59013675
2006-11-22,42.7,42.6,42.95,42.1,0.0,0,928767,412,39532115
2006-11-23,42.6,43.2,43.6,42.6,0.6,1,2981221,1125,128942003
2006-11-24,43.6,44.6,45.15,43.6,1.4,1,6347591,2293,282369499
2006-11-27,45.2,44.2,45.65,44.0,-0.4,-1,3567260,1378,160257040
2006-11-28,44.2,42.95,44.2,42.8,-1.25,-1,1726412,789,74821956
2006-11-29,43.05,43.5,43.6,42.85,0.55,1,1538437,593,66484212
2006-11-30,43.65,44.3,44.5,43.5,0.8,1,1477204,742,65057155
2006-12-01,44.6,44.0,44.9,44.0,-0.3,-1,2327691,819,102999455
2006-12-04,44.0,45.0,45.4,44.0,1.0,1,2857431,1159,128508376
2006-12-05,45.4,44.4,45.95,44.15,-0.6,-1,1803596,807,81274835
2006-12-06,44.5,44.2,44.75,44.2,-0.2,-1,1373457,611,60987758
2006-12-07,44.3,44.5,44.65,44.2,0.3,1,1121788,408,49845370
2006-12-08,44.5,44.1,44.5,43.6,-0.4,-1,584621,289,25724958
2006-12-11,43.6,45.6,45.8,43.6,1.5,1,2447426,1008,110568422
2006-12-12,46.0,48.75,48.75,46.0,3.15,1,8768303,1633,425995063
2006-12-13,52.1,49.0,52.1,48.0,0.25,1,18867582,5333,959061075
2006-12-14,49.0,49.3,49.9,48.05,0.3,1,6343821,2147,311717739
2006-12-15,49.5,48.8,49.6,48.4,-0.5,-1,3442961,1150,168612031
2006-12-18,49.5,52.2,52.2,49.5,3.4,1,10514085,2737,540564234
2006-12-19,52.5,55.0,55.8,52.5,2.8,1,19332559,5770,1055365201
2006-12-20,55.0,54.8,55.0,53.4,-0.2,-1,5932388,1973,322086829
2006-12-21,53.8,53.6,54.8,52.5,-1.2,-1,4140543,1604,220682287
2006-12-22,53.6,57.3,57.3,53.6,3.7,1,10283193,3486,579448559
2006-12-25,56.8,56.0,56.9,55.5,-1.3,-1,3926310,1764,220583841
2006-12-26,56.1,54.3,58.3,54.0,-1.7,-1,8389642,2830,473293968
2006-12-27,54.9,53.9,55.3,53.6,-0.4,-1,3356638,1284,182347684
2006-12-28,54.2,54.9,56.4,52.8,1.0,1,4891298,1970,267999454
2006-12-29,55.0,55.0,56.6,54.0,0.1,1,3398600,1396,187764511
2007-01-02,55.1,54.2,55.5,54.0,-0.8,-1,1977427,833,107936106
2007-01-03,54.3,54.5,56.5,54.3,0.3,1,5549087,2278,307611911
2007-01-04,54.6,54.5,56.4,54.2,0.0,0,4758234,1891,262899790
2007-01-05,55.0,57.8,58.0,54.7,3.3,1,10058247,3527,568377480
2007-01-08,57.5,56.2,58.1,56.1,-1.6,-1,4135863,1780,236156028
2007-01-09,56.8,55.7,57.4,55.6,-0.5,-1,2766117,1149,156372569
2007-01-10,55.7,54.5,56.2,54.4,-1.2,-1,1954517,909,107753417
2007-01-11,54.8,51.1,55.9,50.7,-3.4,-1,4103121,1759,216779274
2007-01-12,51.3,51.8,52.6,50.8,0.7,1,3599976,1458,186082060
2007-01-15,52.0,49.0,52.4,48.2,-2.8,-1,4749008,1879,234666842
2007-01-16,49.0,49.65,49.9,49.0,0.65,1,2283869,941,113175341
2007-01-17,49.65,51.7,52.4,49.65,2.05,1,5384380,1971,277401933
2007-01-18,52.0,52.2,52.7,51.2,0.5,1,2517722,1105,131169905
2007-01-19,52.8,55.8,55.8,52.7,3.6,1,8779054,3328,481633182
2007-01-22,56.4,57.0,58.0,55.9,1.2,1,11306786,4448,645730142
2007-01-23,56.6,55.8,57.8,55.7,-1.2,-1,5206236,1998,295141853
2007-01-24,57.0,55.5,57.0,55.5,-0.3,-1,2630428,1162,147471061
2007-01-25,56.7,54.5,56.7,54.1,-1.0,-1,2419998,1147,133747685
2007-01-26,55.0,56.2,57.5,54.6,1.7,1,6430830,2576,363610626
2007-01-29,57.0,56.1,57.5,55.6,-0.1,-1,3488965,1484,197817340
2007-01-30,56.5,54.8,56.6,54.2,-1.3,-1,2135969,990,118000000
2007-01-31,54.5,53.8,55.3,53.5,-1.0,-1,2367254,964,128428860
2007-02-01,54.1,52.6,54.4,52.2,-1.2,-1,1794280,833,95649867
2007-02-02,53.0,53.6,54.1,53.0,1.0,1,1407348,660,75285779
2007-02-05,53.6,52.7,54.0,52.0,-0.9,-1,1257562,629,66380346
2007-02-06,52.7,53.2,53.4,52.7,0.5,1,1204550,531,63862750
2007-02-07,53.2,52.4,53.6,51.8,-0.8,-1,2164085,850,113804152
2007-02-08,52.5,53.4,54.2,52.5,1.0,1,2565998,1167,137447389
2007-02-09,53.9,54.0,54.9,53.6,0.6,1,3767751,1543,204617995
2007-02-12,54.0,52.8,54.0,52.6,-1.2,-1,1770187,731,93941735
2007-02-13,52.8,52.6,53.0,52.4,-0.2,-1,1015531,504,53471226
2007-02-14,52.8,54.3,55.2,52.6,1.7,1,3159909,1397,171221361
2007-02-26,56.0,55.0,56.2,54.7,0.7,1,4744382,1808,263034610
2007-02-27,54.2,54.8,56.0,53.8,-0.2,-1,4419602,1308,242681763
2007-03-01,53.0,53.2,53.8,53.0,-1.6,-1,1751967,755,93435851
2007-03-02,53.2,56.9,56.9,53.0,3.7,1,10348639,4263,580684475
2007-03-03,56.8,60.7,60.8,56.6,3.8,1,18306790,6839,1089185491
2007-03-05,61.0,56.6,61.0,56.5,-4.1,-1,6914280,2894,402952516
2007-03-06,57.1,58.9,59.1,55.6,2.3,1,5841724,2691,338192617
2007-03-07,60.5,63.0,63.0,60.0,4.1,1,20416988,6608,1271667844
2007-03-08,64.5,63.5,66.5,63.2,0.5,1,19089054,7591,1238514394
2007-03-09,64.0,62.8,64.2,62.2,-0.7,-1,10237260,4170,648150706
2007-03-12,62.0,62.3,64.9,61.8,-0.5,-1,15278889,5889,969314718
2007-03-13,61.8,61.7,62.8,60.6,-0.6,-1,12305146,4408,758480954
2007-03-14,59.3,60.0,61.3,59.3,-1.7,-1,8595084,3200,517663140
2007-03-15,60.5,60.2,61.8,60.0,0.2,1,7411703,3140,452098180
2007-03-16,60.5,59.5,61.3,59.5,-0.7,-1,5073149,2149,305717840
2007-03-19,59.7,61.0,62.5,59.4,1.5,1,9310804,4085,571395744
2007-03-20,61.5,59.7,61.9,59.5,-1.3,-1,4657856,2197,281444126
2007-03-21,60.0,60.5,60.6,59.7,0.8,1,2585281,1200,155390498
2007-03-22,61.3,60.6,61.9,60.6,0.1,1,6349646,2965,389152841
2007-03-23,60.6,62.2,62.5,60.6,1.6,1,7337327,3148,454303829
2007-03-26,62.8,61.6,63.8,61.6,-0.6,-1,7763975,3115,486785353
2007-03-27,61.6,60.7,63.0,60.6,-0.9,-1,8496791,3384,524030909
2007-03-28,60.8,60.1,61.1,60.0,-0.6,-1,2814017,1340,169663918
2007-03-29,60.0,60.5,61.4,60.0,0.4,1,2639688,1282,160053680
2007-03-30,61.0,64.7,64.7,60.8,4.2,1,17919581,6384,1133999061
2007-04-02,66.0,64.2,67.8,63.5,-0.5,-1,19222359,7403,1270251842
2007-04-03,64.2,64.9,65.8,63.2,0.7,1,8345761,3500,541288474
2007-04-04,65.2,63.5,65.5,63.5,-1.4,-1,4302522,1867,275411643
2007-04-09,63.6,61.0,63.7,60.5,-2.5,-1,4684992,2099,287840108
2007-04-10,61.0,61.8,61.8,60.0,0.8,1,2846287,1255,173591647
2007-04-11,62.0,61.3,62.1,61.2,-0.5,-1,2040974,948,125666903
2007-04-12,61.6,61.2,62.2,61.0,-0.1,-1,2119167,985,130502312
2007-04-13,61.8,61.2,62.5,61.2,0.0,0,3799988,1561,235165968
2007-04-14,61.4,60.8,61.9,60.7,-0.4,-1,1731754,884,105931988
2007-04-16,61.1,58.6,61.3,57.8,-2.2,-1,4797051,2149,282782780
2007-04-17,59.0,55.6,59.0,55.4,-3.0,-1,3202681,1331,182163063
2007-04-18,55.8,57.2,57.2,54.6,1.6,1,2471171,1071,138773795
2007-04-19,56.9,56.5,57.2,55.5,-0.7,-1,1950024,885,109533354
2007-04-20,56.5,57.0,57.0,56.0,0.5,1,1129507,585,63965699
2007-04-23,57.4,57.0,57.4,56.4,0.0,0,1230957,567,70124949
2007-04-24,56.8,57.2,57.5,56.6,0.2,1,1159565,510,66142613
2007-04-25,57.3,57.7,58.3,57.3,0.5,1,2887734,1194,167279721
2007-04-26,57.7,57.0,58.2,57.0,-0.7,-1,1440131,673,82837435
2007-04-27,57.0,57.0,57.3,56.1,0.0,0,1183806,541,67074342
2007-04-30,57.0,55.6,57.1,55.6,-1.4,-1,807062,461,45115972
2007-05-02,55.6,54.4,55.8,54.1,-1.2,-1,1153398,597,63427548
2007-05-03,54.4,53.1,55.1,52.0,-1.3,-1,1732715,774,92484563
2007-05-04,53.2,56.8,56.8,53.2,3.7,1,3267363,1209,181419614
2007-05-07,56.5,57.4,57.4,55.7,0.6,1,2901347,1266,164276415
2007-05-08,57.6,58.2,58.4,56.6,0.8,1,3479171,1309,201255550
2007-05-09,58.0,57.2,58.2,57.1,-1.0,-1,1936925,802,111446531
2007-05-10,57.3,57.8,58.2,56.5,0.6,1,1958998,835,112744179
2007-05-11,57.0,57.1,58.8,56.8,-0.7,-1,2613011,972,151647226
2007-05-14,57.3,55.3,57.5,55.2,-1.8,-1,1706469,821,95928940
2007-05-15,55.3,55.0,55.8,54.6,-0.3,-1,1210872,599,66723994
2007-05-16,55.0,54.9,55.1,54.0,-0.1,-1,1155190,598,62985968
2007-05-17,55.0,54.5,55.5,54.5,-0.4,-1,1035963,580,56992186
2007-05-18,54.5,55.5,55.7,54.5,1.0,1,1784111,765,98729525
2007-05-21,55.8,54.9,55.9,54.7,-0.6,-1,1548281,641,85351893
2007-05-22,54.9,57.2,57.4,54.9,2.3,1,3886045,1557,218216869
2007-05-23,57.3,56.3,57.7,56.3,-0.9,-1,1514569,740,86083518
2007-05-24,56.3,57.8,58.4,56.2,1.5,1,4720157,1702,271393868
2007-05-25,57.5,57.6,57.9,56.9,-0.2,-1,2287666,924,131453359
2007-05-28,56.8,56.1,57.6,56.1,-1.5,-1,1259413,550,71448165
2007-05-29,56.3,58.0,58.5,56.3,1.9,1,4964615,2133,287369170
2007-05-30,58.1,57.5,58.4,57.5,-0.5,-1,2636998,1017,152788780
2007-05-31,57.8,58.7,59.9,57.8,1.2,1,6511294,2484,385201554
2007-06-01,59.0,59.7,60.7,58.7,1.0,1,7093951,2747,425283066
2007-06-04,60.4,61.7,62.6,60.1,2.0,1,9762712,3766,603087518
2007-06-05,61.8,61.4,61.8,60.0,-0.3,-1,4489047,1828,273253882
2007-06-06,60.9,60.0,62.6,59.4,-1.4,-1,7022919,2684,430912340
2007-06-07,60.0,61.3,61.5,59.0,1.3,1,3734906,1618,226298020
2007-06-08,60.9,65.0,65.5,60.1,3.7,1,17300321,6582,1106904877
2007-06-11,65.8,67.0,69.4,65.8,2.0,1,29958136,9137,2025299712
2007-06-12,67.2,67.0,67.9,66.5,0.0,0,9898211,3458,665007737
2007-06-13,67.2,66.6,67.9,64.4,-0.4,-1,12858466,4415,855926826
2007-06-14,67.5,66.2,68.5,66.2,-0.4,-1,20560755,7675,1386887574
2007-06-15,67.0,64.9,67.0,64.7,-1.3,-1,6241517,2649,410164192
2007-06-20,65.0,62.3,65.7,62.1,-2.6,-1,5887826,2131,372711783
2007-06-21,62.3,63.7,63.7,62.3,1.4,1,3638601,1555,229680770
2007-06-22,64.0,65.2,65.8,63.7,1.5,1,6229005,2335,404618617
2007-06-23,65.2,65.5,67.0,64.5,0.3,1,7846712,3073,517772429
2007-06-25,65.8,64.5,66.3,64.5,-1.0,-1,3797060,1617,247166848
2007-06-26,65.0,63.8,65.7,63.7,-0.7,-1,4745319,2053,307583948
2007-06-27,63.7,63.3,64.5,63.0,-0.5,-1,3026834,1316,192737573
2007-06-28,65.4,64.5,67.0,64.5,1.2,1,11810548,4475,777915340
2007-06-29,64.8,64.5,65.8,63.7,0.0,0,3850900,1667,249397848
2007-07-02,64.6,64.5,65.1,63.8,0.0,0,2700590,1125,174031493
2007-07-03,64.9,64.0,65.5,64.0,-0.5,-1,3604268,1622,233277696
2007-07-04,64.3,64.0,65.4,63.8,0.0,0,3632349,1650,234184936
2007-07-05,64.2,65.0,65.6,64.2,1.0,1,5265621,2183,342567965
2007-07-06,65.9,67.2,68.3,65.3,2.2,1,17352454,6819,1172027841
2007-07-09,68.0,66.9,68.2,66.3,-0.3,-1,8990901,3386,604074671
2007-07-10,67.3,67.4,69.8,66.6,0.5,1,15145851,5746,1038585640
2007-07-11,67.4,65.7,68.4,65.5,-1.7,-1,8047300,3213,538031202
2007-07-12,66.5,66.3,67.9,66.1,0.6,1,6547497,2636,437993645
2007-07-13,67.8,65.1,67.8,65.1,-1.2,-1,6598503,2759,435704336
2007-07-16,65.1,63.7,66.4,63.7,-1.4,-1,4682800,2062,305047956
2007-07-17,63.8,63.9,64.6,63.3,0.2,1,3811516,1566,243654863
2007-07-18,64.0,63.8,65.5,63.4,-0.1,-1,6423709,2479,412876859
2007-07-19,63.8,63.5,64.7,63.4,-0.3,-1,3672338,1626,234913057
2007-07-20,64.0,63.9,64.8,63.7,0.4,1,3716200,1491,238599571
2007-07-23,64.5,66.0,66.9,64.0,2.1,1,8072118,3245,531526188
2007-07-24,66.9,68.0,69.7,66.6,2.0,1,21970245,7943,1500364260
2007-07-25,68.4,72.7,72.7,68.4,4.7,1,17489419,5657,1241422539
2007-07-26,75.5,71.2,77.7,70.3,-1.5,-1,24384578,8655,1822022867
2007-07-27,68.0,70.0,73.3,68.0,-1.2,-1,11563442,4375,817109988
2007-07-30,70.0,66.2,71.4,65.4,-3.8,-1,5831873,2515,395232818
2007-07-31,67.8,67.2,68.3,66.7,1.0,1,4835862,1774,326975721
2007-08-01,67.2,64.1,68.9,64.0,-3.1,-1,9922203,2996,663509906
2007-08-02,62.5,59.8,62.5,57.1,0.0,0,8787398,2962,531814797
2007-08-03,60.6,59.7,61.5,59.6,-0.1,-1,4573484,1627,276139026
2007-08-06,57.1,60.2,60.8,57.1,0.5,1,3506480,1367,206492443
2007-08-07,61.6,59.5,62.0,59.5,-0.7,-1,2817491,1266,171371262
2007-08-08,60.5,61.0,61.0,59.5,1.5,1,2329831,1025,141062392
2007-08-09,61.5,61.2,63.0,60.7,0.2,1,5334036,2231,328991296
2007-08-10,58.0,58.7,59.9,58.0,-2.5,-1,2700900,1325,159028300
2007-08-13,59.0,55.6,59.5,55.5,-3.1,-1,3943891,1753,226026698
2007-08-14,55.7,55.6,56.8,55.5,0.0,0,1621204,880,90833762
2007-08-15,54.8,51.9,55.1,51.8,-3.7,-1,3931001,1748,207599353
2007-08-16,50.5,48.3,50.8,48.3,-3.6,-1,3898321,1498,190783509
2007-08-17,47.1,45.3,47.8,44.95,-3.0,-1,6079065,2002,279791023
2007-08-20,47.9,47.5,48.15,46.5,2.2,1,5065001,1789,241173698
2007-08-21,47.5,47.1,48.6,46.7,-0.4,-1,3252470,1296,154701330
2007-08-22,47.4,47.3,47.9,46.35,0.2,1,1975016,870,93083561
2007-08-23,48.5,50.6,50.6,48.0,3.3,1,3967260,1349,197788204
2007-08-24,51.5,51.6,53.2,50.8,1.0,1,5315536,2344,277217724
2007-08-27,52.6,50.2,52.8,49.85,-1.4,-1,1822796,902,93543702
2007-08-28,50.2,50.8,51.3,50.2,0.6,1,1225830,614,62182130
2007-08-29,47.6,49.2,49.5,47.6,-1.6,-1,1406150,706,68552164
2007-08-30,50.0,49.5,50.6,49.25,0.3,1,1458303,789,72772334
2007-08-31,50.0,50.6,50.7,49.8,1.1,1,1277493,606,64177529
2007-09-03,50.8,49.75,51.0,49.75,-0.85,-1,1300135,655,65346230
2007-09-04,49.9,52.0,52.5,49.9,2.25,1,4512023,1958,231480619
2007-09-05,53.0,52.0,53.6,52.0,0.0,0,3921050,1822,207129695
2007-09-06,52.0,51.7,52.4,51.5,-0.3,-1,1478932,717,76712364
2007-09-07,52.1,51.4,52.7,51.4,-0.3,-1,1471389,744,76430032
2007-09-10,50.6,50.0,50.7,49.65,-1.4,-1,1311663,627,65867350
2007-09-11,50.0,50.1,51.0,49.8,0.1,1,1174258,660,58983601
2007-09-12,50.5,50.1,51.0,50.1,0.0,0,1068715,575,53965178
2007-09-13,50.2,49.05,50.4,49.0,-1.05,-1,1217507,593,60563319
2007-09-14,49.65,49.25,49.65,49.0,0.2,1,990382,475,48715786
2007-09-17,49.3,48.2,49.3,48.15,-1.05,-1,1334255,535,64687008
2007-09-19,48.6,45.0,49.1,44.9,-3.2,-1,3579979,1480,164592584
2007-09-20,45.3,45.1,46.0,44.45,0.1,1,1421608,865,64414860
2007-09-21,45.45,46.5,46.5,45.0,1.4,1,1475092,944,67446163
2007-09-26,47.1,46.25,47.1,46.0,-0.25,-1,1423095,775,66003327
2007-09-27,46.5,47.5,47.5,46.35,1.25,1,1740699,1116,81907891
2007-09-28,47.9,47.2,47.9,47.1,-0.3,-1,1650210,913,78281599
2007-09-29,47.25,48.2,48.4,47.25,1.0,1,1420655,910,68200545
2007-10-01,48.6,47.45,48.6,47.4,-0.75,-1,1267722,865,60588875
2007-10-02,47.65,50.7,50.7,47.65,3.25,1,5545327,2188,274441908
2007-10-03,51.0,49.6,51.1,49.5,-1.1,-1,3289096,1577,165746053
2007-10-04,49.5,50.0,50.9,49.3,0.4,1,2052845,1133,103309700
2007-10-05,50.7,50.1,51.9,50.1,0.1,1,2546263,1363,129864719
2007-10-08,51.4,50.1,51.4,50.0,0.0,0,1782909,1024,90036081
2007-10-09,50.2,49.4,50.7,48.55,-0.7,-1,1330810,750,65705207
2007-10-11,49.9,49.3,50.1,49.3,-0.1,-1,1047479,601,52218206
2007-10-12,49.6,49.0,50.7,49.0,-0.3,-1,1164083,655,57803698
2007-10-15,49.5,48.5,49.9,48.3,-0.5,-1,741925,450,36167809
2007-10-16,48.4,49.0,49.2,48.1,0.5,1,882315,546,43020935
2007-10-17,49.0,48.3,49.65,47.0,-0.7,-1,1225559,621,59179636
2007-10-18,48.5,49.7,50.2,48.5,1.4,1,1453321,855,71974533
2007-10-19,50.5,49.7,50.7,49.55,0.0,0,1831328,946,91897627
2007-10-22,48.4,47.7,49.0,47.1,-2.0,-1,1321915,655,63403738
2007-10-23,48.2,48.75,48.8,48.0,1.05,1,901441,524,43623044
2007-10-24,49.1,48.0,49.25,48.0,-0.75,-1,796600,426,38613200
2007-10-25,48.4,47.65,48.4,47.5,-0.35,-1,772523,418,36924152
2007-10-26,47.7,47.4,48.0,47.3,-0.25,-1,617537,358,29393438
2007-10-29,48.0,48.2,48.3,47.6,0.8,1,800275,458,38350679
2007-10-30,48.45,47.9,48.95,47.45,-0.3,-1,1504846,743,72677483
2007-10-31,48.2,47.9,48.5,47.85,0.0,0,1016991,519,48938313
2007-11-01,48.3,47.55,48.5,47.55,-0.35,-1,883491,420,42359918
2007-11-02,47.0,46.1,47.6,46.0,-1.45,-1,1045919,628,48907394
2007-11-05,46.0,45.1,46.65,44.5,-1.0,-1,1505964,644,68060120
2007-11-06,45.1,45.2,45.9,45.1,0.1,1,647611,347,29429712
2007-11-07,46.0,45.2,46.2,45.2,0.0,0,511550,310,23326022
2007-11-08,44.05,42.05,44.05,42.05,-3.15,-1,2149988,968,91796285
2007-11-09,42.05,40.8,42.4,40.2,-1.25,-1,1738888,786,71185704
2007-11-12,39.8,39.7,40.7,39.4,-1.1,-1,1862625,775,74391709
2007-11-13,39.8,41.8,41.9,39.8,2.1,1,1585180,772,64565972
2007-11-14,43.2,42.15,43.2,42.0,0.35,1,1357361,625,57691254
2007-11-15,42.15,41.95,42.15,41.35,-0.2,-1,532590,273,22211530
2007-11-16,41.4,41.9,41.9,40.8,-0.05,-1,575992,298,23875514
2007-11-19,42.5,41.45,42.6,41.45,-0.45,-1,529866,292,22260806
2007-11-20,41.0,41.95,42.8,40.15,0.5,1,891887,494,36462654
2007-11-21,41.95,41.1,42.4,41.1,-0.85,-1,533982,351,22192107
2007-11-22,41.0,40.65,41.3,40.5,-0.45,-1,529142,304,21678803
2007-11-23,40.8,40.6,41.8,40.3,-0.05,-1,576575,333,23544595
2007-11-26,41.0,40.5,41.4,40.4,-0.1,-1,564220,280,22948914
2007-11-27,40.0,41.3,41.5,39.15,0.8,1,1002973,527,40198481
2007-11-28,41.3,40.4,41.45,40.4,-0.9,-1,547150,315,22432078
2007-11-29,41.3,41.45,41.65,40.8,1.05,1,645070,336,26594270
2007-11-30,41.5,41.75,41.8,41.3,0.3,1,736196,393,30602929
2007-12-03,41.75,42.8,43.2,41.65,1.05,1,1097550,566,46690492
2007-12-04,42.6,43.4,43.8,42.3,0.6,1,805700,434,34895598
2007-12-05,42.8,43.2,43.8,42.75,-0.2,-1,1189385,529,51560905
2007-12-06,43.65,42.1,43.8,42.1,-1.1,-1,765442,400,32832564
2007-12-07,42.6,42.1,42.75,41.65,0.0,0,408898,233,17226178
2007-12-10,41.8,41.0,42.1,40.85,-1.1,-1,410410,236,16986610
2007-12-11,41.4,41.7,41.7,40.65,0.7,1,436977,185,17973996
2007-12-12,41.5,41.65,41.65,40.8,-0.05,-1,420570,247,17272546
2007-12-13,41.65,39.65,41.7,39.6,-2.0,-1,808622,454,32676602
2007-12-14,39.65,39.65,40.3,36.9,0.0,0,1842315,918,71017577
2007-12-17,39.0,36.9,39.2,36.9,-2.75,-1,1574330,777,59148267
2007-12-18,34.35,35.0,36.5,34.35,-1.9,-1,3216508,1249,112024530
2007-12-19,35.3,36.8,36.8,35.3,1.8,1,2341749,1149,84351264
2007-12-20,36.6,34.5,36.6,34.5,-2.3,-1,1349002,646,47796864
2007-12-21,34.5,34.3,35.0,33.5,-0.2,-1,1904910,737,65286467
2007-12-24,34.6,36.0,36.15,34.6,1.7,1,2378988,903,84108618
2007-12-25,35.9,35.6,36.15,35.35,-0.4,-1,1354076,583,48304753
2007-12-26,35.2,35.2,35.2,34.7,-0.4,-1,707214,347,24736179
2007-12-27,35.0,35.5,36.3,35.0,0.3,1,2461566,1014,88066758
2007-12-28,35.3,37.1,37.2,35.1,1.6,1,3260951,1297,118167295
2007-12-31,37.1,38.0,38.3,37.1,0.9,1,3049012,1111,115267106
2008-01-02,38.0,38.3,40.3,37.8,0.3,1,3537171,1607,138899112
2008-01-03,37.5,37.3,38.0,36.9,-1.0,-1,1436940,642,53883074
2008-01-04,36.8,36.8,37.9,36.8,-0.5,-1,1015804,531,37856348
2008-01-07,36.0,35.2,36.0,34.7,-1.6,-1,1319886,628,46418234
2008-01-08,35.3,34.8,35.9,34.6,-0.4,-1,717260,398,25311397
2008-01-09,34.0,36.2,36.2,33.8,1.4,1,1065386,562,37460834
2008-01-10,36.2,35.1,36.8,35.0,-1.1,-1,1347612,615,48530920
2008-01-11,35.7,35.35,35.8,35.15,0.25,1,1170120,453,41543932
2008-01-14,35.8,35.35,36.0,34.8,0.0,0,723151,329,25541803
2008-01-15,35.6,35.7,36.8,35.5,0.35,1,1054951,538,38143460
2008-01-16,35.4,35.2,35.95,34.8,-0.5,-1,875386,443,30862785
2008-01-17,35.5,36.0,36.5,35.25,0.8,1,1068351,550,38230009
2008-01-18,35.5,37.3,37.3,35.3,1.3,1,1107073,567,40144961
2008-01-21,37.3,36.4,37.5,36.4,-0.9,-1,1102031,498,40573965
2008-01-22,35.0,33.9,35.0,33.9,-2.5,-1,1613111,625,55105006
2008-01-23,33.9,31.55,34.6,31.55,-2.35,-1,2779001,931,89714577
2008-01-24,32.0,30.4,32.9,29.8,-1.15,-1,2129346,933,66005011
2008-01-25,30.7,32.1,32.2,30.7,1.7,1,1114171,554,35245503
2008-01-28,31.0,30.6,31.75,30.6,-1.5,-1,597749,389,18559019
2008-01-29,31.0,31.0,31.4,30.9,0.4,1,599829,329,18648562
2008-01-30,31.45,31.05,31.75,31.0,0.05,1,420481,266,13183811
2008-01-31,31.0,30.3,31.0,29.5,-0.75,-1,930490,492,28082589
2008-02-01,30.7,31.0,31.2,30.7,0.7,1,821520,330,25424670
2008-02-12,30.3,30.05,30.9,30.0,-0.95,-1,761978,349,23015732
2008-02-13,30.1,30.3,31.1,30.1,0.25,1,565592,315,17371575
2008-02-14,31.3,32.0,32.25,31.25,1.7,1,868568,464,27661949
2008-02-15,32.0,32.65,32.7,31.5,0.65,1,761152,488,24526608
2008-02-18,32.65,32.55,33.3,32.25,-0.1,-1,815710,434,26756273
2008-02-19,32.6,33.3,33.3,32.1,0.75,1,1039887,531,34085371
2008-02-20,33.0,32.3,33.2,32.25,-1.0,-1,764869,380,25090615
2008-02-21,32.5,33.3,33.75,32.5,1.0,1,1562496,590,51949213
2008-02-22,33.3,33.6,34.1,33.0,0.3,1,1108218,542,37209202
2008-02-25,34.0,34.0,34.3,33.5,0.4,1,918570,417,31039662
2008-02-26,34.3,33.25,34.45,33.15,-0.75,-1,822320,441,27720836
2008-02-27,33.5,33.75,34.4,33.5,0.5,1,1406590,684,47727104
2008-02-29,33.5,34.0,34.4,33.5,0.25,1,1144975,478,38946200
2008-03-03,33.15,33.05,33.4,33.0,-0.95,-1,735090,336,24325570
2008-03-04,33.3,33.6,33.8,33.2,0.55,1,685742,322,23008463
2008-03-05,33.8,33.35,34.25,33.35,-0.25,-1,591485,326,19919716
2008-03-06,33.95,34.45,34.45,33.55,1.1,1,1214969,560,41485336
2008-03-07,34.0,33.95,34.6,33.85,-0.5,-1,1197059,511,40915097
2008-03-10,34.0,33.8,34.4,33.75,-0.15,-1,924400,385,31442230
2008-03-11,33.8,33.8,34.0,33.55,0.0,0,712774,310,24068909
2008-03-12,34.5,34.25,35.0,34.2,0.45,1,1493042,813,51626420
2008-03-13,34.25,33.9,35.0,33.85,-0.35,-1,1328750,615,45870400
2008-03-14,34.3,33.65,34.8,33.65,-0.25,-1,876430,421,29994447
2008-03-17,33.45,32.3,33.45,32.1,-1.35,-1,1001760,420,32674498
2008-03-18,32.3,32.7,33.2,32.3,0.4,1,613600,269,20006910
2008-03-19,33.3,33.5,33.75,33.1,0.8,1,633460,338,21204667
2008-03-20,33.0,33.7,33.8,33.0,0.2,1,589123,320,19706493
2008-03-21,34.0,34.2,34.6,33.9,0.5,1,871116,432,29912304
2008-03-24,35.5,34.9,35.5,34.5,0.7,1,1449247,580,50579967
2008-03-25,35.1,35.05,35.3,34.9,0.15,1,1161741,548,40839257
2008-03-26,35.3,35.35,36.3,35.25,0.3,1,2066086,890,73993982
2008-03-27,35.3,37.15,37.7,35.25,1.8,1,3151181,1371,115746659
2008-03-28,37.55,39.75,39.75,37.55,2.6,1,6063168,2474,235648860
2008-03-31,39.75,39.55,40.5,39.0,-0.2,-1,3087569,1553,123010787
2008-04-01,40.3,39.1,40.35,39.1,-0.45,-1,1664178,816,66081892
2008-04-02,40.2,39.55,40.25,39.3,0.45,1,2051156,853,81608457
2008-04-03,39.55,41.4,41.8,39.1,1.85,1,2990824,1290,121060405
2008-04-07,41.4,40.7,41.4,40.0,-0.7,-1,1885251,874,76334812
2008-04-08,39.8,39.4,40.2,39.2,-1.3,-1,956120,491,37995622
2008-04-09,39.0,38.6,39.5,38.1,-0.8,-1,1089295,560,42499884
2008-04-10,38.5,39.15,39.3,38.5,0.55,1,614216,319,23979374
2008-04-11,40.0,38.5,40.0,38.5,-0.65,-1,1280690,673,50366864
2008-04-14,38.0,38.05,38.9,37.6,-0.45,-1,895540,503,34024940
2008-04-15,38.05,39.2,39.6,38.05,1.15,1,1002040,603,39126910
2008-04-16,39.9,39.0,39.9,38.9,-0.2,-1,955644,451,37465811
2008-04-17,39.7,39.1,40.15,39.1,0.1,1,1219722,655,48336390
2008-04-18,39.5,39.25,39.7,39.2,0.15,1,658011,348,25937823
2008-04-21,39.5,40.0,40.7,39.5,0.75,1,1783879,869,71771054
2008-04-22,40.5,40.45,40.6,39.7,0.45,1,959142,529,38561722
2008-04-23,40.7,40.45,42.3,39.9,0.0,0,2264456,1174,93400222
2008-04-24,40.6,40.15,41.0,40.1,-0.3,-1,1426939,627,57925050
2008-04-25,40.4,39.6,40.65,39.5,-0.55,-1,1076976,561,43040750
2008-04-28,39.9,38.9,39.9,38.6,-0.7,-1,772694,440,30135524
2008-04-29,39.0,39.0,39.5,38.65,0.1,1,648669,395,25368141
2008-04-30,39.3,41.0,41.3,38.85,2.0,1,2464677,1122,99804557
2008-05-02,42.2,41.95,42.7,41.5,0.95,1,2409027,1121,101146163
2008-05-05,42.0,40.6,42.0,40.5,-1.35,-1,1148700,621,47256716
2008-05-06,40.6,43.1,43.2,40.5,2.5,1,4272401,1617,179973049
2008-05-07,43.25,43.1,44.4,42.9,0.0,0,4037270,1617,175675029
2008-05-08,43.0,43.7,43.9,42.6,0.6,1,1557121,763,67325649
2008-05-09,43.7,42.8,44.0,42.8,-0.9,-1,1335686,577,57520742
2008-05-12,42.55,42.5,42.7,41.5,-0.3,-1,917836,435,38634828
2008-05-13,42.0,42.5,42.8,42.0,0.0,0,843338,431,35680143
2008-05-14,42.8,42.3,43.6,42.3,-0.2,-1,868730,459,37349275
2008-05-15,42.5,42.0,42.7,41.85,-0.3,-1,919214,467,38799645
2008-05-16,42.3,42.6,43.3,42.3,0.6,1,1331617,650,57065378
2008-05-19,42.6,42.8,43.1,42.6,0.2,1,680945,321,29145553
2008-05-20,43.0,42.0,43.5,42.0,-0.8,-1,1206899,546,51916915
2008-05-21,42.0,42.1,42.8,41.9,0.1,1,1020682,415,43228224
2008-05-22,41.8,41.9,42.1,41.5,-0.2,-1,763901,413,31910097
2008-05-23,42.1,40.8,42.25,40.5,-1.1,-1,1074819,481,44413598
2008-05-26,40.2,38.6,40.4,38.5,-2.2,-1,1177290,532,46292455
2008-05-27,38.6,41.3,41.3,38.6,2.7,1,2197880,816,87333042
2008-05-28,42.4,40.8,42.4,40.45,-0.5,-1,2296660,953,95866295
2008-05-29,41.6,42.2,43.3,41.35,1.4,1,2741434,1284,116123928
2008-05-30,42.9,41.5,42.9,40.6,-0.7,-1,1409087,695,58870841
2008-06-02,41.8,42.3,43.9,41.8,0.8,1,1903716,1019,81775980
2008-06-03,42.0,42.95,42.95,41.4,0.65,1,1051238,471,44521360
2008-06-04,42.5,42.25,43.2,42.25,-0.7,-1,935122,470,39862176
2008-06-05,42.0,42.5,42.9,42.0,0.25,1,1393683,572,59063275
2008-06-06,42.95,41.9,43.3,41.8,-0.6,-1,1226118,626,52191406
2008-06-09,40.5,40.6,40.8,40.05,-1.3,-1,782800,405,31677450
2008-06-10,40.9,39.6,40.95,39.3,-1.0,-1,906510,412,36234145
2008-06-11,39.6,38.8,40.0,38.8,-0.8,-1,874920,394,34216894
2008-06-12,38.0,36.5,38.2,36.5,-2.3,-1,1406167,530,52620095
2008-06-13,36.5,37.1,37.3,35.8,0.6,1,989714,450,36235568
2008-06-16,37.5,36.5,38.2,36.5,-0.6,-1,695520,383,25830628
2008-06-17,37.1,37.2,37.3,36.35,0.7,1,464960,250,17113170
2008-06-18,37.2,37.5,37.85,37.05,0.3,1,335331,199,12558011
2008-06-19,36.75,36.5,36.9,36.1,-1.0,-1,666114,312,24313549
2008-06-20,36.55,35.75,36.85,35.4,-0.75,-1,796843,366,28690612
2008-06-23,34.5,34.6,35.2,34.1,-1.15,-1,1031935,413,35618840
2008-06-24,34.6,33.8,35.1,33.6,-0.8,-1,694277,305,23707212
2008-06-25,33.8,34.25,34.5,33.5,0.45,1,703069,350,23932779
2008-06-26,34.5,34.9,35.2,34.25,0.65,1,633460,364,22104206
2008-06-27,33.0,33.3,33.95,32.5,-1.6,-1,923600,411,30528899
2008-06-30,34.2,32.5,34.2,32.4,-0.8,-1,573645,331,19144560
2008-07-01,33.0,31.9,33.5,31.6,-0.6,-1,818582,421,26577601
2008-07-02,32.3,33.1,33.4,32.0,1.2,1,1241640,578,40732570
2008-07-03,32.4,34.6,34.6,31.7,1.5,1,825870,440,27745463
2008-07-04,34.7,33.0,34.7,33.0,-1.6,-1,727866,405,24674578
2008-07-07,33.0,33.9,33.9,32.7,0.9,1,541063,269,17978077
2008-07-08,33.9,32.65,34.0,32.5,-1.25,-1,606765,348,20133704
2008-07-09,33.5,32.65,34.6,32.6,0.0,0,1808708,828,60879222
2008-07-10,32.3,33.0,33.5,32.1,0.35,1,780200,404,25606416
2008-07-11,34.0,33.95,34.1,33.3,0.95,1,613319,351,20739625
2008-07-14,33.95,34.35,34.65,33.5,0.4,1,878210,415,30012579
2008-07-15,34.0,32.6,34.3,32.3,-1.75,-1,1094545,495,36344362
2008-07-16,32.7,32.8,33.5,32.6,0.2,1,773997,372,25498194
2008-07-17,34.0,34.95,35.05,33.6,2.15,1,2043650,1040,70409509
2008-07-18,35.35,33.3,35.6,33.3,-1.65,-1,1908462,858,66516796
2008-07-21,34.0,35.05,35.3,34.0,1.75,1,946539,523,32929256
2008-07-22,34.7,35.35,36.2,34.6,0.3,1,1561220,820,55383121
2008-07-23,35.7,36.0,36.35,35.7,0.65,1,1486846,765,53538610
2008-07-24,36.3,36.4,37.2,35.6,0.4,1,1789059,720,65440986
2008-07-25,35.9,35.3,35.9,34.9,-1.1,-1,956601,453,33906139
2008-07-29,34.4,34.1,34.85,34.1,-1.2,-1,1133240,465,38939469
2008-07-30,34.9,34.55,35.2,34.5,0.45,1,1164700,545,40558862
2008-07-31,34.4,33.8,35.0,33.5,-0.75,-1,1276550,574,43486004
2008-08-01,33.9,33.7,34.2,33.15,-0.1,-1,649948,355,21832138
2008-08-04,33.7,34.5,34.8,33.6,0.8,1,890262,492,30393989
2008-08-05,35.3,34.9,35.3,34.5,0.4,1,1656399,613,57773663
2008-08-06,35.7,36.8,37.15,35.3,1.9,1,2341701,992,84692836
2008-08-07,37.0,36.4,37.1,36.3,-0.4,-1,1459796,690,53454822
2008-08-08,36.4,38.1,38.9,36.2,1.7,1,3167640,1182,120027472
2008-08-11,38.5,38.6,39.5,38.3,0.5,1,3305440,1170,128536435
2008-08-12,37.9,37.9,38.1,36.7,-0.7,-1,4606163,1627,172555951
2008-08-13,35.3,36.45,36.9,35.25,0.0,0,5274396,2127,189735889
2008-08-14,36.5,35.8,36.5,35.7,-0.65,-1,1993676,935,71671798
2008-08-15,36.1,35.0,36.3,35.0,-0.8,-1,1668240,776,59257663
2008-08-18,34.8,33.6,35.0,33.6,-1.4,-1,840148,442,28808104
2008-08-19,33.1,33.7,33.95,32.7,0.1,1,792291,411,26568371
2008-08-20,34.2,33.5,34.2,33.0,-0.2,-1,725180,423,24253470
2008-08-21,33.15,33.4,33.7,33.15,-0.1,-1,542501,302,18100633
2008-08-22,33.4,32.8,33.65,32.6,-0.6,-1,577665,322,19044795
2008-08-25,33.5,33.05,33.5,32.9,0.25,1,467295,234,15505292
2008-08-26,32.8,33.25,33.25,32.45,0.2,1,306524,187,10092649
2008-08-27,33.25,33.65,34.15,33.1,0.4,1,898975,468,30439200
2008-08-28,33.9,33.65,34.2,33.55,0.0,0,568605,286,19239620
2008-08-29,34.0,33.75,34.75,33.75,0.1,1,554721,274,18941919
2008-09-01,32.8,31.5,32.8,31.4,-2.25,-1,1507298,688,48096136
2008-09-02,31.1,30.1,31.5,29.8,-1.4,-1,1218500,571,37131100
2008-09-03,30.1,28.15,30.3,28.0,-1.95,-1,1916941,871,55580618
2008-09-04,28.0,27.0,28.1,26.2,-1.15,-1,1920606,799,51812712
2008-09-05,25.65,26.65,26.85,25.65,-0.35,-1,1278103,604,33613067
2008-09-08,27.2,28.3,28.4,27.05,1.65,1,1125320,508,31555754
2008-09-09,28.0,26.35,28.0,26.35,-1.95,-1,1134502,518,30252002
2008-09-10,26.35,26.1,26.55,25.4,-0.25,-1,1380140,605,35634852
2008-09-11,26.1,24.3,26.1,24.3,-1.8,-1,1704092,625,42190093
2008-09-12,24.5,23.5,24.5,22.6,-0.8,-1,2396077,866,55837519
2008-09-15,23.0,22.6,23.3,21.95,-0.9,-1,1734034,605,39136114
2008-09-16,21.3,21.2,22.0,21.1,-1.4,-1,1965020,728,41953562
2008-09-17,22.0,21.3,22.55,21.2,0.1,1,1713229,727,37086971
2008-09-18,20.0,20.3,20.6,19.85,-1.0,-1,1849640,635,37051640
2008-09-19,21.55,21.6,21.7,21.15,1.3,1,2703760,784,58211290
2008-09-22,21.9,21.8,22.25,20.7,0.2,1,2632632,1086,56429627
2008-09-23,21.25,22.4,22.5,21.1,0.6,1,2520259,878,54975727
2008-09-24,22.0,22.7,23.2,21.9,0.3,1,2878380,1148,65307676
2008-09-25,22.3,22.0,22.6,22.0,-0.7,-1,1503060,566,33432038
2008-09-26,22.1,20.55,22.3,20.5,-1.45,-1,1932276,682,40905322
2008-09-30,19.15,19.15,19.15,19.15,-1.4,-1,506135,206,9692654
2008-10-01,19.4,19.75,19.8,19.15,0.6,1,2255910,863,44024842
2008-10-02,19.8,20.0,20.6,19.75,0.25,1,1934900,889,38901968
2008-10-03,19.8,20.5,20.5,19.35,0.5,1,1633459,632,32631266
2008-10-06,20.0,19.45,20.2,19.35,-1.05,-1,1182259,510,23453630
2008-10-07,19.2,20.0,20.1,19.15,0.55,1,692568,386,13618964
2008-10-08,19.5,18.6,19.55,18.6,-1.4,-1,1843601,710,34764344
2008-10-09,18.5,17.9,19.15,17.9,-0.7,-1,1245440,596,23082057
2008-10-13,17.3,17.6,17.6,17.3,-0.3,-1,1131212,458,19621071
2008-10-14,18.8,18.8,18.8,18.65,1.2,1,944678,293,17746939
2008-10-15,18.9,18.7,18.9,18.2,-0.1,-1,656271,278,12170871
2008-10-16,18.05,18.1,18.15,18.05,-0.6,-1,883940,322,15962593
2008-10-17,18.5,17.9,18.6,17.9,-0.2,-1,820510,371,14933928
2008-10-20,18.4,19.0,19.0,17.45,1.1,1,798695,400,14557605
2008-10-21,19.2,18.5,19.5,18.35,-0.5,-1,1073139,526,20271091
2008-10-22,17.9,17.9,18.5,17.9,-0.6,-1,1479380,554,26669513
2008-10-23,17.3,17.3,17.35,17.3,-0.6,-1,900740,280,15583295
2008-10-24,16.8,16.7,16.9,16.7,-0.6,-1,661682,218,11078582
2008-10-27,15.55,15.6,16.2,15.55,-1.1,-1,1314522,528,20603740
2008-10-28,15.4,16.65,16.65,14.75,1.05,1,1202148,576,18923904
2008-10-29,17.7,16.6,17.7,16.35,-0.05,-1,1018780,489,17355844
2008-10-30,16.8,17.75,17.75,16.65,1.15,1,1195372,510,20848195
2008-10-31,17.5,17.65,18.0,17.15,-0.1,-1,1625110,576,28493030
2008-11-03,17.65,18.35,18.5,17.35,0.7,1,1553921,612,27791742
2008-11-04,18.3,17.7,18.3,17.35,-0.65,-1,2104882,782,37088776
2008-11-05,18.0,17.7,18.2,17.6,0.0,0,1762291,769,31436598
2008-11-06,16.8,16.75,17.1,16.6,-0.95,-1,887220,433,14985194
2008-11-07,16.0,17.0,17.4,16.0,0.25,1,522710,253,8862928
2008-11-10,17.0,17.1,17.2,16.75,0.1,1,445540,194,7583036
2008-11-11,16.8,16.2,16.8,16.0,-0.9,-1,809850,323,13189401
2008-11-12,15.65,16.3,16.45,15.65,0.1,1,413944,207,6676779
2008-11-13,15.5,15.5,15.65,15.3,-0.8,-1,613980,250,9491635
2008-11-14,16.0,15.45,16.2,15.3,-0.05,-1,432780,209,6798085
2008-11-17,15.0,14.75,15.3,14.45,-0.7,-1,890649,323,13222849
2008-11-18,14.5,13.95,14.5,13.9,-0.8,-1,1015254,352,14339113
2008-11-19,13.55,14.45,14.6,13.55,0.5,1,534949,266,7603503
2008-11-20,14.0,13.85,14.45,13.8,-0.6,-1,568091,235,7968524
2008-11-21,13.3,14.6,14.7,13.3,0.75,1,451124,250,6407857
2008-11-24,14.6,14.1,14.65,14.0,-0.5,-1,364962,201,5219312
2008-11-25,14.6,14.4,14.8,14.4,0.3,1,453649,221,6628354
2008-11-26,14.4,14.7,14.85,14.2,0.3,1,421371,154,6133951
2008-11-27,15.3,15.7,15.7,15.1,1.0,1,875351,339,13677056
2008-11-28,15.9,15.9,16.2,15.6,0.2,1,1522180,640,24264880
2008-12-01,15.9,16.0,16.2,15.7,0.1,1,812393,343,13000426
2008-12-02,14.95,14.9,15.4,14.9,-1.1,-1,1076682,333,16110309
2008-12-03,15.3,14.3,15.3,14.3,-0.6,-1,857786,370,12567568
2008-12-04,14.55,14.3,14.85,14.25,0.0,0,803896,303,11646011
2008-12-05,14.3,13.95,14.45,13.9,-0.35,-1,716200,188,10142180
2008-12-08,14.3,14.9,14.9,14.2,0.95,1,1136748,350,16707592
2008-12-09,15.9,15.9,15.9,15.9,1.0,1,1450881,459,23069005
2008-12-10,16.2,16.6,16.7,16.1,0.7,1,3799983,1289,62405859
2008-12-11,16.6,16.9,17.4,16.3,0.3,1,5790881,1640,98187333
2008-12-12,16.6,16.0,17.3,15.75,-0.9,-1,3115312,1060,51214147
2008-12-15,16.6,16.5,16.9,16.2,0.5,1,1788164,688,29552955
2008-12-16,16.2,16.2,16.4,15.9,-0.3,-1,762270,320,12328239
2008-12-17,16.6,16.2,17.1,16.15,0.0,0,3310193,1095,55393922
2008-12-18,16.4,16.1,16.4,15.85,-0.1,-1,1284219,437,20585722
2008-12-19,15.85,16.3,16.6,15.85,0.2,1,1901231,719,31168957
2008-12-22,16.3,15.35,16.6,15.35,-0.95,-1,1242733,569,19775439
2008-12-23,15.0,14.9,15.25,14.6,-0.45,-1,817306,327,12100671
2008-12-24,14.95,15.05,15.35,14.7,0.15,1,872871,326,13194551
2008-12-25,15.1,15.2,15.25,14.85,0.15,1,833124,237,12572283
2008-12-26,15.2,15.25,15.65,15.15,0.05,1,993785,384,15316220
2008-12-29,15.2,15.0,15.35,14.95,-0.25,-1,409361,232,6171115
2008-12-30,15.05,15.55,15.75,15.05,0.55,1,741696,372,11536414
2008-12-31,15.75,15.95,16.0,15.45,0.4,1,1737700,609,27519410
2009-01-05,16.5,16.2,16.65,16.2,0.25,1,1135047,504,18672258
2009-01-06,16.3,16.25,16.6,16.2,0.05,1,1561073,546,25620080
2009-01-07,16.35,16.95,17.35,16.35,0.7,1,4622836,1130,78797564
2009-01-08,16.5,15.8,16.5,15.8,-1.15,-1,1307351,498,21143419
2009-01-09,15.8,16.3,16.3,15.7,0.5,1,1208922,468,19394538
2009-01-10,16.2,16.05,16.6,16.05,-0.25,-1,996473,380,16274915
2009-01-12,16.05,15.95,16.35,15.85,-0.1,-1,529951,217,8502216
2009-01-13,15.8,16.3,16.3,15.8,0.35,1,993720,331,16012712
2009-01-14,16.3,16.1,16.6,16.1,-0.2,-1,859894,343,14081891
2009-01-15,15.5,15.35,15.65,15.35,-0.75,-1,758070,298,11749184
2009-01-16,15.5,15.55,15.7,15.45,0.2,1,471700,214,7334299
2009-01-17,15.6,15.4,15.65,15.4,-0.15,-1,256605,145,3976006
2009-01-19,15.4,15.4,15.65,15.4,0.0,0,347730,141,5380740
2009-01-20,15.3,14.9,15.3,14.65,-0.5,-1,647210,278,9696650
2009-01-21,14.5,14.85,15.0,14.5,-0.05,-1,456060,217,6750603
2009-02-02,15.05,15.0,15.15,14.95,0.15,1,336657,173,5071105
2009-02-03,15.2,15.5,15.6,15.1,0.5,1,614902,301,9497790
2009-02-04,15.6,15.35,15.75,15.2,-0.15,-1,549841,294,8487764
2009-02-05,15.15,15.3,15.4,15.15,-0.05,-1,343521,162,5238995
2009-02-06,15.4,15.6,16.0,15.4,0.3,1,1183958,553,18684742
2009-02-09,15.9,15.65,16.2,15.65,0.05,1,1206232,461,19221328
2009-02-10,15.65,15.8,16.05,15.65,0.15,1,792872,384,12585522
2009-02-11,15.4,16.25,16.25,15.4,0.45,1,1107345,524,17687100
2009-02-12,16.25,15.8,16.8,15.8,-0.45,-1,1969220,706,32191073
2009-02-13,16.0,16.3,16.45,15.95,0.5,1,1297840,521,21108533
2009-02-16,16.3,17.05,17.2,16.3,0.75,1,2286430,791,38577760
2009-02-17,16.8,16.3,17.0,16.3,-0.75,-1,1217206,473,20134153
2009-02-18,16.0,16.2,16.25,15.8,-0.1,-1,620226,254,9949032
2009-02-19,16.1,16.05,16.4,15.9,-0.15,-1,818345,364,13206753
2009-02-20,16.1,16.2,16.7,16.1,0.15,1,1472538,694,24066981
2009-02-23,16.05,16.4,16.5,15.8,0.2,1,1899921,622,30878629
2009-02-24,16.0,16.05,16.25,15.9,-0.35,-1,849692,333,13681303
2009-02-25,16.25,16.55,17.05,16.25,0.5,1,2675980,1057,44724109
2009-02-26,16.7,16.5,16.95,16.5,-0.05,-1,1885556,656,31540924
2009-02-27,16.5,17.65,17.65,16.5,1.15,1,5665979,1819,97611666
2009-03-02,17.5,16.7,17.5,16.45,-0.95,-1,3258594,1169,55477798
2009-03-03,16.2,17.15,17.3,15.8,0.45,1,3817373,1415,63278377
2009-03-04,17.1,17.9,18.1,17.05,0.75,1,5022058,1808,88221277
2009-03-05,18.4,19.15,19.15,18.3,1.25,1,11709803,3052,220418511
2009-03-06,19.15,20.3,20.45,18.8,1.15,1,11891403,3370,232411409
2009-03-09,20.5,19.9,20.5,19.1,-0.4,-1,4675333,1732,92385411
2009-03-10,19.9,20.0,20.8,19.5,0.1,1,7884887,2667,160282139
2009-03-11,20.2,19.1,20.35,19.0,-0.9,-1,6631745,2232,130086872
2009-03-12,19.1,19.25,19.75,19.05,0.15,1,5101476,1713,99078132
2009-03-13,19.5,19.25,19.8,19.25,0.0,0,5337195,1657,104293445
2009-03-16,19.55,19.25,19.7,19.25,0.0,0,2786229,978,54171650
2009-03-17,19.25,19.5,19.6,19.0,0.25,1,2512442,955,48672767
2009-03-18,19.6,19.35,20.2,19.15,-0.15,-1,7710052,2661,152613746
2009-03-19,19.6,18.9,19.95,18.9,-0.45,-1,3586323,1276,69874649
2009-03-20,19.0,18.0,19.2,17.95,-0.9,-1,4282663,1536,79103184
2009-03-23,18.3,18.6,18.8,18.2,0.6,1,3094792,937,57527284
2009-03-24,19.0,18.8,19.1,18.65,0.2,1,3915888,1408,73965776
2009-03-25,19.0,20.1,20.1,18.8,1.3,1,6066329,1622,120800357
2009-03-26,21.3,20.55,21.5,20.4,0.45,1,11261004,3530,236397777
2009-03-27,20.85,20.3,21.0,20.0,-0.25,-1,4915470,1775,100549789
2009-03-30,20.15,19.05,20.3,19.05,-1.25,-1,3172942,1047,62264739
2009-03-31,19.0,19.15,19.4,19.0,0.1,1,3049413,1061,58471914
2009-04-01,19.2,19.8,20.35,19.2,0.65,1,5525240,1756,110588000
2009-04-02,20.2,19.65,20.35,19.55,-0.15,-1,3663295,1192,72851883
2009-04-03,19.9,19.8,20.1,19.7,0.15,1,2625445,898,52106809
2009-04-06,19.9,20.6,20.6,19.9,0.8,1,4810100,1445,97766900
2009-04-07,20.6,20.4,20.6,20.05,-0.2,-1,2956471,1084,60104402
2009-04-08,20.3,21.0,21.2,20.1,0.6,1,5611836,1944,116504806
2009-04-09,21.5,22.45,22.45,21.4,1.45,1,12051962,3248,265301435
2009-04-10,22.95,22.8,23.25,22.0,0.35,1,10864294,3255,247307713
2009-04-13,22.8,22.6,23.35,22.35,-0.2,-1,7488465,2210,171494373
2009-04-14,22.8,22.5,23.35,22.3,-0.1,-1,5052471,1717,115392194
2009-04-15,22.5,22.05,23.05,21.55,-0.45,-1,4274706,1524,96304408
2009-04-16,22.5,21.9,22.85,21.8,-0.15,-1,4259890,1466,94963893
2009-04-17,22.0,20.4,22.95,20.4,-1.5,-1,7880691,2597,173394394
2009-04-20,20.5,20.1,20.6,19.5,-0.3,-1,2743478,1007,54753601
2009-04-21,19.6,21.0,21.2,19.6,0.9,1,2630783,1014,54031793
2009-04-22,21.0,21.0,21.35,20.8,0.0,0,2482460,928,52268160
2009-04-23,21.1,20.8,21.3,20.5,-0.2,-1,2455858,979,51386002
2009-04-24,21.05,21.5,21.8,21.05,0.7,1,4586099,1490,98330075
2009-04-27,22.0,22.0,22.7,21.8,0.5,1,8027160,2461,178050520
2009-04-28,22.7,22.05,23.1,21.8,0.05,1,5839809,2140,131344729
2009-04-29,22.1,20.9,22.5,20.8,-1.15,-1,2748624,993,58384854
2009-04-30,22.0,22.35,22.35,21.5,1.45,1,3580849,1107,79268565
2009-05-04,22.9,23.05,23.8,22.6,0.7,1,6267851,2064,145594350
2009-05-05,23.5,22.2,23.5,22.1,-0.85,-1,3244474,1054,72881620
2009-05-06,22.2,22.8,23.4,22.0,0.6,1,4137073,1372,94635053
2009-05-07,23.1,22.8,23.45,22.6,0.0,0,3992830,1207,91940564
2009-05-08,22.8,23.85,24.05,22.55,1.05,1,5032892,1889,118397257
2009-05-11,24.6,24.5,25.2,24.1,0.65,1,5273595,1673,130526171
2009-05-12,24.3,23.1,24.3,23.05,-1.4,-1,2497773,987,58883729
2009-05-13,23.1,23.65,23.85,22.8,0.55,1,2595132,881,60827964
2009-05-14,23.45,23.7,24.35,23.0,0.05,1,3037473,1163,72285503
2009-05-15,24.0,24.4,24.55,23.8,0.7,1,3500616,1341,85086570
2009-05-18,24.4,24.05,24.85,23.65,-0.35,-1,2726026,1002,66045270
2009-05-19,24.5,24.4,25.5,24.1,0.35,1,6396393,2058,158581777
2009-05-20,24.5,24.0,24.85,24.0,-0.4,-1,3157302,1063,77444398
2009-05-21,24.05,24.2,24.65,23.7,0.2,1,2492024,1060,60374325
2009-05-22,23.65,24.15,24.5,23.6,-0.05,-1,2924549,1051,70589726
2009-05-25,24.7,24.15,25.0,24.1,0.0,0,3035141,1052,74395988
2009-05-26,24.1,22.8,24.4,22.65,-1.35,-1,2771966,987,65310165
2009-05-27,23.0,23.3,23.7,22.9,0.5,1,2319851,757,53919770
2009-06-01,23.95,23.2,23.95,23.2,-0.1,-1,1794625,679,42097272
2009-06-02,23.7,22.85,23.8,22.8,-0.35,-1,1905386,875,44514105
2009-06-03,22.85,22.9,23.4,22.7,0.05,1,1746334,713,40297239
2009-06-04,23.0,23.0,23.25,22.8,0.1,1,1476879,474,34019667
2009-06-05,23.1,23.0,23.3,22.85,0.0,0,1251163,437,28907999
2009-06-06,23.3,23.5,23.8,23.0,0.5,1,2689237,870,63141963
2009-06-08,23.6,22.5,23.9,22.5,-1.0,-1,1642136,703,37850308
2009-06-09,22.55,21.5,22.9,21.4,-1.0,-1,1449730,624,32115437
2009-06-10,21.7,21.0,21.95,20.8,-0.5,-1,1263953,573,26966456
2009-06-11,21.4,21.3,21.4,20.9,0.3,1,1048212,415,22227359
2009-06-12,21.4,21.1,21.65,21.1,-0.2,-1,800100,376,17069294
2009-06-15,20.9,19.8,20.9,19.7,-1.3,-1,1849540,533,37243300
2009-06-16,19.85,20.0,20.15,19.65,0.2,1,587810,283,11739037
2009-06-17,20.2,19.65,20.35,19.65,-0.35,-1,835917,352,16757844
2009-06-18,19.7,19.8,20.1,19.65,0.15,1,480811,241,9527755
2009-06-19,19.8,20.3,20.3,19.8,0.5,1,690183,320,13858713
2009-06-22,20.3,20.6,20.6,19.95,0.3,1,789432,349,15953659
2009-06-23,20.1,20.45,20.45,20.1,-0.15,-1,567950,221,11508650
2009-06-24,20.75,20.6,20.9,20.3,0.15,1,734325,283,15141840
2009-06-25,20.6,20.8,20.95,20.5,0.2,1,703799,281,14590212
2009-06-26,20.9,20.85,21.05,20.8,0.05,1,841646,330,17599712
2009-06-29,20.9,20.5,21.1,20.5,-0.35,-1,388847,175,8041442
2009-06-30,20.9,20.5,21.0,20.35,0.0,0,616074,226,12751397
2009-07-01,20.5,20.9,20.9,20.45,0.4,1,565050,252,11683780
2009-07-02,20.95,21.05,21.3,20.7,0.15,1,974190,437,20539992
2009-07-03,20.85,20.85,21.25,20.75,-0.2,-1,703419,289,14744677
2009-07-06,20.9,21.2,21.25,20.9,0.35,1,619411,248,13083160
2009-07-07,21.25,22.05,22.35,21.25,0.85,1,1825594,735,39928040
2009-07-08,21.7,21.7,22.0,21.6,-0.35,-1,837720,332,18257671
2009-07-09,21.9,22.0,22.15,21.85,0.3,1,821163,358,18082736
2009-07-10,22.3,22.8,23.05,22.25,0.8,1,2728962,936,62005975
2009-07-13,23.2,22.55,23.25,22.5,-0.25,-1,2028203,911,46433523
2009-07-14,22.9,23.05,23.5,22.85,0.5,1,2078439,746,48213258
2009-07-15,23.3,22.85,23.3,22.8,-0.2,-1,1427744,506,32770693
2009-07-16,23.3,22.65,23.35,22.6,-0.2,-1,1682877,613,38673655
2009-07-17,22.9,22.95,23.15,22.7,0.3,1,1718930,544,39565727
2009-07-20,23.3,23.2,23.45,22.95,0.25,1,1589743,569,36939681
2009-07-21,23.5,22.9,23.5,22.75,-0.3,-1,1249016,438,28743407
2009-07-22,22.85,23.05,23.2,22.85,0.15,1,1002316,350,23073596
2009-07-23,23.05,22.75,23.1,22.65,-0.3,-1,1270312,419,29117291
2009-07-24,23.0,23.1,23.45,22.85,0.35,1,4044357,1075,93699792
2009-07-27,23.3,23.9,24.35,23.05,0.8,1,6825509,2081,162545559
2009-07-28,24.2,24.1,24.35,24.0,0.2,1,3733064,1606,90159134
2009-07-29,24.3,23.5,24.35,23.5,-0.6,-1,4097408,1211,97955182
2009-07-30,23.6,23.6,23.6,23.1,0.1,1,1496459,536,34940132
2009-07-31,23.9,23.6,24.1,23.5,0.0,0,3312099,938,78949428
2009-08-03,23.6,23.5,23.9,23.3,-0.1,-1,1641771,494,38565035
2009-08-04,24.2,23.45,24.2,23.1,-0.05,-1,2918061,937,69138730
2009-08-05,23.4,22.7,23.5,22.6,-0.75,-1,1672432,698,38488617
2009-08-06,22.75,22.7,22.85,22.5,0.0,0,1692522,454,38393546
2009-08-10,22.15,22.25,22.4,22.0,0.0,0,1063367,484,23604163
2009-08-11,22.05,22.5,22.5,22.0,0.25,1,892175,310,19814537
2009-08-12,22.5,22.65,22.75,22.3,0.15,1,690916,297,15605108
2009-08-13,22.85,23.15,23.25,22.7,0.5,1,1600888,538,36843748
2009-08-14,23.3,22.8,23.4,22.8,-0.35,-1,1411702,439,32577180
2009-08-17,22.8,22.65,23.0,22.5,-0.15,-1,853820,294,19380356
2009-08-18,22.5,22.0,22.5,21.65,-0.65,-1,1415168,482,31252967
2009-08-19,22.3,22.2,22.3,21.9,0.2,1,616366,217,13604487
2009-08-20,22.3,21.8,22.3,21.65,-0.4,-1,694115,296,15178942
2009-08-21,21.8,21.3,22.15,21.2,-0.5,-1,1358250,543,29471723
2009-08-24,21.6,21.5,21.85,21.4,0.2,1,876861,334,18892120
2009-08-25,21.5,21.65,21.75,21.5,0.15,1,518968,209,11243702
2009-08-26,21.9,21.35,21.9,21.05,-0.3,-1,1238030,513,26473992
2009-08-27,21.5,21.75,21.85,21.35,0.4,1,715000,304,15528996
2009-08-28,21.8,22.3,22.35,21.8,0.55,1,1410571,576,31298748
2009-08-31,22.3,22.3,22.5,21.9,0.0,0,982850,332,21747574
2009-09-01,22.2,22.55,22.65,22.15,0.25,1,2164790,830,48495042
2009-09-02,22.4,22.45,22.8,22.3,-0.1,-1,1857567,594,41811098
2009-09-03,22.5,22.6,22.8,22.4,0.15,1,1472807,455,33261907
2009-09-04,22.9,24.15,24.15,22.7,1.55,1,4189744,1215,99240748
2009-09-07,25.0,25.15,25.55,24.6,1.0,1,9275869,2755,232596675
2009-09-08,25.15,24.8,25.3,24.4,-0.35,-1,3342103,1104,83013545
2009-09-09,25.0,25.9,26.4,24.5,1.1,1,7812500,2607,200988686
2009-09-10,26.4,25.4,26.5,25.2,-0.5,-1,3748230,1267,96017963
2009-09-11,25.4,25.4,26.0,25.3,0.0,0,2394328,865,61342176
2009-09-14,25.4,25.1,25.8,25.1,-0.3,-1,1761403,648,44771761
2009-09-15,25.4,25.75,25.75,25.05,0.65,1,2735785,865,69710894
2009-09-16,26.0,26.95,27.1,25.9,1.2,1,6921938,2458,185354078
2009-09-17,27.1,26.45,27.2,26.4,-0.5,-1,3276773,1124,87396619
2009-09-18,26.1,27.8,28.15,26.1,1.35,1,6474018,1860,178561831
2009-09-21,27.8,29.0,29.2,27.45,1.2,1,4641157,1508,132840362
2009-09-22,29.0,28.4,29.45,28.3,-0.6,-1,3946855,1278,114090929
2009-09-23,28.4,27.05,28.7,26.8,-1.35,-1,3015109,1160,83284927
2009-09-24,26.8,27.0,27.2,26.5,-0.05,-1,2457900,864,66047700
2009-09-25,26.8,27.5,27.9,26.7,0.5,1,2688810,946,73817447
2009-09-28,27.4,27.5,27.7,26.7,0.0,0,1559650,613,42556674
2009-09-29,27.7,27.7,28.4,27.65,0.2,1,2666380,954,74589560
2009-09-30,28.45,29.6,29.6,28.2,1.9,1,3111614,897,91067614
2009-10-01,30.5,31.15,31.3,30.1,1.55,1,10689791,3037,328662971
2009-10-02,30.5,30.75,30.9,30.2,-0.4,-1,3413951,1126,104249897
2009-10-05,30.75,32.9,32.9,30.55,2.15,1,4091537,1438,131321359
2009-10-06,33.6,32.25,34.7,32.2,-0.65,-1,10465984,3516,349480728
2009-10-07,32.7,32.15,33.4,31.85,-0.1,-1,4633313,1761,151165339
2009-10-08,31.65,32.0,33.55,31.65,-0.15,-1,4974910,1812,162469781
2009-10-09,32.5,31.7,32.7,31.0,-0.3,-1,3145143,1515,99646466
2009-10-12,31.55,31.75,32.1,31.15,0.05,1,2458308,975,77933522
2009-10-13,31.0,32.2,32.35,31.0,0.45,1,2787071,1162,88960732
2009-10-14,32.75,34.15,34.45,32.5,1.95,1,8581355,2577,291011870
2009-10-15,33.7,33.05,34.05,33.0,-1.1,-1,3492867,1372,117163561
2009-10-16,34.3,33.45,34.9,33.1,0.4,1,5854998,1708,199713629
2009-10-19,33.8,33.85,34.3,33.2,0.4,1,2706833,929,91752417
2009-10-20,34.25,34.65,35.5,33.85,0.8,1,5652137,1884,195819122
2009-10-21,35.0,34.45,35.15,34.1,-0.2,-1,2368369,986,81952802
2009-10-22,34.1,33.4,34.9,33.2,-1.05,-1,2676819,1283,90706300
2009-10-23,33.9,33.3,34.1,33.1,-0.1,-1,2354695,798,78919723
2009-10-26,33.5,32.65,33.8,32.6,-0.65,-1,1507494,563,49848422
2009-10-27,32.6,32.4,32.6,32.0,-0.25,-1,1542651,634,49689789
2009-10-28,31.8,31.7,33.05,31.7,-0.7,-1,1532400,715,49389150
2009-10-29,30.3,29.75,31.0,29.5,-1.95,-1,3125877,1101,93518986
2009-10-30,30.05,29.1,30.35,29.0,-0.65,-1,1798191,733,53606501
2009-11-02,27.5,29.15,29.65,27.5,0.05,1,1962699,744,56500009
2009-11-03,29.8,30.45,30.85,29.5,1.3,1,1860231,887,56242794
2009-11-04,30.8,30.9,31.3,30.5,0.45,1,1462192,607,45146752
2009-11-05,30.8,30.6,31.0,30.25,-0.3,-1,957690,446,29297277
2009-11-06,31.0,30.15,31.35,30.15,-0.45,-1,1276184,564,39276754
2009-11-09,30.6,29.8,30.7,29.55,-0.35,-1,817380,419,24532850
2009-11-10,30.1,30.05,30.3,29.8,0.25,1,1026536,477,30836930
2009-11-11,30.45,31.0,31.3,30.1,0.95,1,1777061,948,55003871
2009-11-12,31.4,31.1,32.2,31.1,0.1,1,2806032,1154,88722738
2009-11-13,31.2,31.95,32.2,30.7,0.85,1,3782823,1567,120271998
2009-11-16,32.8,34.15,34.15,32.2,2.2,1,4811393,1562,160888852
2009-11-17,34.7,33.2,34.8,33.15,-0.95,-1,5940624,1597,200923312
2009-11-18,33.5,34.2,34.9,33.3,1.0,1,5980974,1986,204178155
2009-11-19,34.5,34.05,35.15,33.85,-0.15,-1,3994854,1530,138042269
2009-11-20,34.0,33.25,34.5,33.25,-0.8,-1,2384546,1051,80490623
2009-11-23,33.3,33.25,33.85,33.0,0.0,0,2281172,1003,76261557
2009-11-24,33.5,33.05,33.9,33.05,-0.2,-1,2418145,1078,80877385
2009-11-25,33.15,33.1,33.6,33.05,0.05,1,1493741,580,49696432
2009-11-26,33.8,32.85,33.8,32.85,-0.25,-1,1919114,686,63667598
2009-11-27,32.7,31.1,32.75,31.05,-1.75,-1,1939973,778,61992286
2009-11-30,31.9,32.3,32.6,31.45,1.2,1,1888616,707,60627599
2009-12-01,32.3,32.2,32.75,32.15,-0.1,-1,994612,500,32207753
2009-12-02,32.6,32.05,32.8,32.05,-0.15,-1,1603262,621,51752504
2009-12-03,32.05,33.2,33.25,31.85,1.15,1,3930490,1526,128729586
2009-12-04,33.35,33.4,34.0,32.8,0.2,1,4471887,1521,149615933
2009-12-07,33.95,34.8,35.0,33.6,1.4,1,6280314,2305,216185341
2009-12-08,35.2,34.2,35.2,34.2,-0.6,-1,2768714,1156,95848156
2009-12-09,33.8,33.9,34.5,33.8,-0.3,-1,1608165,688,54800675
2009-12-10,34.2,33.0,34.55,32.6,-0.9,-1,3389711,1282,114019413
2009-12-11,33.5,35.3,35.3,33.1,2.3,1,7017755,2230,244067391
2009-12-14,36.05,37.4,37.7,36.0,2.1,1,11189488,3609,413687364
2009-12-15,37.4,36.1,37.4,36.1,-1.3,-1,3386390,1528,124499705
2009-12-16,36.1,36.25,37.0,35.7,0.15,1,2472152,1156,89941532
2009-12-17,36.65,34.85,37.0,34.8,-1.4,-1,3288683,1467,118169821
2009-12-18,34.8,34.5,34.95,34.2,-0.35,-1,1567792,739,54123870
2009-12-21,34.85,35.2,35.6,34.85,0.7,1,1258163,626,44323855
2009-12-22,35.7,35.3,35.75,35.0,0.1,1,1813013,610,64129002
2009-12-23,35.8,35.3,35.8,35.0,0.0,0,1279219,598,45182035
2009-12-24,35.3,37.65,37.75,35.15,2.35,1,7332642,2798,269554667
2009-12-25,38.0,37.5,38.2,36.5,-0.15,-1,5119690,2091,191750234
2009-12-28,38.5,40.1,40.1,38.2,2.6,1,6587282,2019,260377596
2009-12-29,40.9,40.05,40.95,39.6,-0.05,-1,12174800,4146,491223859
2009-12-30,40.5,42.3,42.3,40.0,2.25,1,7787925,3322,319193979
2009-12-31,42.8,42.4,43.3,42.05,0.1,1,7504942,2920,320923841
2010-01-04,42.0,40.05,42.2,40.05,-2.35,-1,5170403,2346,209939920
2010-01-05,40.2,38.35,40.45,38.2,-1.7,-1,4445877,2022,173468009
2010-01-06,38.35,38.6,39.3,38.3,0.25,1,2336509,1156,90518040
2010-01-07,38.7,38.2,39.65,37.7,-0.4,-1,3487421,1587,135049235
2010-01-08,38.2,38.35,38.5,37.6,0.15,1,1484076,826,56439402
2010-01-11,38.35,37.75,38.45,37.7,-0.6,-1,2766482,1214,104982280
2010-01-12,37.7,38.6,38.6,37.3,0.85,1,2938521,1312,111670301
2010-01-13,38.1,37.8,38.9,37.7,-0.8,-1,4118398,1601,157463537
2010-01-14,37.95,38.2,38.8,37.95,0.4,1,4182804,1772,160426014
2010-01-15,38.45,38.55,39.35,38.2,0.35,1,5771982,2276,224139849
2010-01-18,39.1,41.2,41.2,39.1,2.65,1,7564301,2932,306310742
2010-01-19,41.8,39.7,42.05,39.5,-1.5,-1,9485294,3649,387952444
2010-01-20,39.7,38.7,39.7,38.65,-1.0,-1,3494591,1700,136521973
2010-01-21,38.5,38.25,39.0,38.2,-0.45,-1,1942676,1054,74778451
2010-01-22,37.5,37.0,38.0,36.8,-1.25,-1,2130839,1189,79356609
2010-01-25,36.3,36.5,37.9,36.2,-0.5,-1,3570259,1402,132447511
2010-01-26,36.8,34.0,37.2,33.95,-2.5,-1,3114778,1416,109836040
2010-01-27,34.5,33.0,34.5,31.9,-1.0,-1,2082365,1080,69473876
2010-01-28,33.45,34.25,34.25,33.3,1.25,1,1792708,1008,60571345
2010-01-29,33.5,34.0,34.0,33.0,-0.25,-1,1374797,635,46001698
2010-02-01,33.6,33.4,34.0,33.0,-0.6,-1,1122106,483,37411304
2010-02-02,33.9,32.85,33.95,32.3,-0.55,-1,1244790,666,41359687
2010-02-03,33.6,35.1,35.1,33.05,2.25,1,3578781,1504,122849511
2010-02-04,35.05,34.2,35.3,34.1,-0.9,-1,2472515,1064,85911495
2010-02-05,32.05,31.85,33.0,31.85,-2.35,-1,2040565,970,65603437
2010-02-06,31.9,31.0,32.25,30.2,-0.85,-1,1272482,710,39750663
2010-02-08,30.6,32.0,32.4,30.6,1.0,1,1567530,876,49812182
2010-02-09,32.0,32.95,33.2,31.8,0.95,1,1467509,830,48121756
2010-02-10,33.7,34.85,34.9,33.05,1.9,1,1863775,898,63027533
2010-02-22,35.0,33.9,35.0,33.8,-0.95,-1,1357810,693,46626282
2010-02-23,34.0,33.8,34.5,33.7,-0.1,-1,679331,419,23078554
2010-02-24,33.4,34.1,34.7,33.4,0.3,1,1209124,715,41485181
2010-02-25,34.4,33.45,34.85,33.35,-0.65,-1,1437010,640,49254690
2010-02-26,33.55,33.2,33.8,33.0,-0.25,-1,714072,370,23807011
2010-03-01,33.3,33.7,34.0,33.15,0.5,1,604547,361,20380987
2010-03-02,34.2,33.85,34.4,33.8,0.15,1,742751,418,25280728
2010-03-03,34.0,34.0,34.5,33.8,0.15,1,1265623,564,43209282
2010-03-04,34.1,33.5,34.25,33.35,-0.5,-1,789215,408,26643808
2010-03-05,33.8,34.05,34.9,33.8,0.55,1,1928657,861,66262098
2010-03-08,34.5,34.5,34.7,34.2,0.45,1,1094512,561,37810769
2010-03-09,34.75,35.35,35.8,34.55,0.85,1,3737025,1667,132094930
2010-03-10,35.55,34.8,35.6,34.75,-0.55,-1,1819219,779,63872271
2010-03-11,35.2,34.9,35.65,34.9,0.1,1,3136290,1108,110852083
2010-03-12,35.45,34.6,35.5,34.6,-0.3,-1,1408438,644,49224628
2010-03-15,34.5,34.6,35.2,34.25,0.0,0,1388029,613,48197002
2010-03-16,34.75,34.8,35.0,34.5,0.2,1,807223,459,28058254
2010-03-17,35.2,37.2,37.2,35.2,2.4,1,12389427,3805,456521028
2010-03-18,37.4,37.45,38.2,37.0,0.25,1,9532820,3618,358938435
2010-03-19,37.6,37.1,37.7,36.8,-0.35,-1,2094071,1020,77808967
2010-03-22,37.75,37.6,38.2,37.15,0.5,1,3948948,1687,149425241
2010-03-23,38.1,37.6,38.5,37.15,0.0,0,3469307,1460,131518823
2010-03-24,38.0,37.0,38.4,37.0,-0.6,-1,4043004,1490,152735594
2010-03-25,37.0,36.9,37.4,36.7,-0.1,-1,1121300,650,41476129
2010-03-26,37.6,37.2,38.4,37.2,0.3,1,3801999,1692,143938911
2010-03-29,37.2,37.2,37.9,37.1,0.0,0,2585474,1032,96638180
2010-03-30,37.3,36.5,37.75,36.4,-0.7,-1,2342686,1067,86916647
2010-03-31,36.85,35.7,36.9,35.65,-0.8,-1,3754410,1654,135424282
2010-04-01,35.7,35.45,36.25,35.4,-0.25,-1,2497294,1325,89456734
2010-04-02,35.65,36.1,36.2,35.6,0.65,1,1316177,756,47327053
2010-04-06,36.9,36.1,36.9,36.1,0.0,0,1892074,860,68876016
2010-04-07,36.2,36.15,36.6,36.1,0.05,1,1066296,541,38691783
2010-04-08,36.3,35.45,36.55,35.0,-0.7,-1,1773896,743,63409020
2010-04-09,34.8,35.1,35.6,34.8,-0.35,-1,1426789,663,50000649
2010-04-12,35.2,34.3,35.4,34.3,-0.8,-1,1738823,896,60033458
2010-04-13,34.3,33.7,34.6,33.3,-0.6,-1,2314532,1062,78336288
2010-04-14,33.9,34.15,34.2,33.4,0.45,1,1629597,782,54969864
2010-04-15,34.5,34.4,34.75,34.3,0.25,1,1652464,793,57020682
2010-04-16,34.1,33.8,34.5,33.75,-0.6,-1,1164391,595,39626961
2010-04-19,33.4,33.0,34.2,33.0,-0.8,-1,1830270,1038,61710462
2010-04-20,33.65,33.6,33.95,33.0,0.6,1,1054294,504,35352261
2010-04-21,33.9,34.45,34.6,33.75,0.85,1,2524358,1011,86456511
2010-04-22,34.6,35.2,35.2,34.5,0.75,1,3192454,1423,111550623
2010-04-23,35.5,34.75,35.5,34.75,-0.45,-1,1568064,723,54843816
2010-04-26,35.2,34.55,35.2,34.5,-0.2,-1,1065913,556,37090044
2010-04-27,34.7,34.2,34.8,34.05,-0.35,-1,936413,451,32054351
2010-04-28,33.0,33.8,33.85,33.0,-0.4,-1,1241952,586,41460077
2010-04-29,33.9,33.65,34.15,33.6,-0.15,-1,786381,474,26603385
2010-04-30,34.0,33.1,34.1,33.05,-0.55,-1,1120173,558,37519926
2010-05-03,33.8,33.15,33.8,33.0,0.05,1,682400,374,22600936
2010-05-04,33.5,33.35,33.75,33.15,0.2,1,549773,300,18381627
2010-05-05,32.3,31.8,32.7,31.4,-1.55,-1,1520721,692,48528788
2010-05-06,31.8,30.7,32.0,30.6,-1.1,-1,1140440,512,35495590
2010-05-07,29.5,31.9,31.9,28.8,1.2,1,2100278,758,63314567
2010-05-10,32.3,31.9,32.3,31.5,0.0,0,821926,441,26209687
2010-05-11,32.0,31.0,32.25,30.5,-0.9,-1,1349291,691,42353321
2010-05-12,31.0,30.5,31.35,30.2,-0.5,-1,1079489,553,33110811
2010-05-13,30.9,32.0,32.6,30.75,1.5,1,4409759,1657,140017997
2010-05-14,31.8,31.85,31.9,31.2,-0.15,-1,1532270,814,48315186
2010-05-17,31.2,30.85,31.3,30.75,-1.0,-1,930180,455,28799030
2010-05-18,30.8,30.6,31.2,30.5,-0.25,-1,479090,275,14706890
2010-05-19,30.4,31.65,32.0,30.3,1.05,1,919261,493,28726196
2010-05-20,31.4,30.65,31.7,30.65,-1.0,-1,704150,343,22003570
2010-05-21,29.05,29.8,30.0,29.05,-0.85,-1,1431888,538,42412210
2010-05-24,29.8,30.1,30.3,29.55,0.3,1,471282,228,14197133
2010-05-25,29.0,28.0,29.8,28.0,-2.1,-1,1169090,529,33424732
2010-05-26,28.2,28.05,28.7,28.0,0.05,1,1366839,588,38702300
2010-05-27,28.0,28.6,28.7,27.75,0.55,1,1757060,871,49632196
2010-05-28,29.0,28.75,29.4,28.65,0.15,1,1459922,745,42381856
2010-05-31,28.8,28.95,29.0,28.5,0.2,1,636847,345,18332972
2010-06-01,28.8,28.6,29.25,28.6,-0.35,-1,631370,363,18265854
2010-06-02,28.4,28.9,29.6,28.4,0.3,1,1893000,845,55088200
2010-06-03,29.4,29.35,29.55,29.15,0.45,1,929333,473,27260853
2010-06-04,29.55,29.1,29.55,29.0,-0.25,-1,634353,314,18546906
2010-06-07,28.1,27.8,28.1,27.65,-1.3,-1,972300,457,27091900
2010-06-08,28.25,28.2,28.4,27.85,0.4,1,565176,305,15884616
2010-06-09,28.25,28.0,28.3,27.5,-0.2,-1,559598,314,15596703
2010-06-10,27.8,28.0,28.1,27.6,0.0,0,386600,225,10777650
2010-06-11,28.3,28.35,28.6,28.25,0.35,1,728868,343,20698154
2010-06-14,28.6,28.55,28.6,28.25,0.2,1,403597,226,11485641
2010-06-15,28.7,28.85,29.35,28.55,0.3,1,830314,449,24052086
2010-06-17,29.2,29.1,29.5,29.05,0.25,1,785202,426,22945297
2010-06-18,29.1,28.85,29.35,28.8,-0.25,-1,486311,237,14126319
2010-06-21,29.35,29.05,29.35,28.9,0.2,1,540483,270,15723304
2010-06-22,29.1,29.3,29.5,29.05,0.25,1,661412,345,19344621
2010-06-23,29.75,30.4,30.8,29.5,1.1,1,2464092,1255,75009796
2010-06-24,30.4,30.05,30.4,30.0,-0.35,-1,778200,408,23463440
2010-06-25,29.5,29.5,29.8,29.3,-0.55,-1,451010,265,13330850
2010-06-28,29.3,29.25,29.55,29.15,-0.25,-1,407978,227,11956704
2010-06-29,29.45,28.8,29.5,28.8,-0.45,-1,516081,277,14981749
2010-06-30,28.3,28.5,28.5,28.2,-0.3,-1,548555,264,15537133
2010-07-01,28.5,28.15,28.5,28.0,-0.35,-1,408121,227,11490748
2010-07-02,28.2,28.2,28.45,28.1,0.05,1,325866,203,9199574
2010-07-05,28.5,28.9,29.1,28.5,0.7,1,640299,355,18468828
2010-07-06,28.8,29.2,29.35,28.8,0.3,1,468491,257,13648885
2010-07-07,29.5,29.25,29.8,29.2,0.05,1,580857,272,17122123
2010-07-08,29.6,30.3,30.75,29.5,1.05,1,2696431,1113,81698159
2010-07-09,30.5,30.35,30.7,30.1,0.05,1,1181320,488,35960259
2010-07-12,30.0,30.8,31.4,30.0,0.45,1,3018977,1098,93612590
2010-07-13,30.8,30.6,31.35,30.5,-0.2,-1,1470897,641,45642753
2010-07-14,31.3,30.9,31.35,30.8,0.3,1,1052461,502,32682470
2010-07-15,31.0,30.25,31.1,30.0,-0.65,-1,711457,357,21798849
2010-07-16,30.05,30.05,30.65,29.8,-0.2,-1,1094198,452,33089168
2010-07-19,29.85,30.1,30.25,29.85,0.05,1,463050,212,13909252
2010-07-20,30.1,30.15,30.35,30.0,0.05,1,341793,200,10314719
2010-07-21,30.4,31.4,32.25,30.4,1.25,1,4445505,1650,141311153
2010-07-22,31.45,31.8,32.2,30.9,0.4,1,2883080,1127,91443827
2010-07-23,32.1,31.9,32.25,31.6,0.1,1,2000010,729,63999467
2010-07-26,32.1,31.2,32.1,31.2,-0.7,-1,924580,423,29293361
2010-07-27,31.4,31.5,31.8,31.2,0.3,1,636782,270,20036181
2010-07-28,31.5,31.3,31.6,31.15,-0.2,-1,787084,338,24596227
2010-07-29,31.3,30.95,31.4,30.9,-0.35,-1,1047639,414,32576609
2010-07-30,30.95,31.2,31.35,30.95,0.25,1,1257187,485,39138964
2010-08-02,30.6,31.15,31.65,30.6,0.0,0,3018731,1264,94301591
2010-08-03,31.05,31.8,33.3,31.05,0.65,1,3484119,1278,112915176
2010-08-04,32.0,31.7,32.65,31.6,-0.1,-1,3245967,1145,104315799
2010-08-05,32.25,32.5,33.6,32.1,0.8,1,3876726,1639,127531581
2010-08-06,32.5,32.7,33.3,32.5,0.2,1,1366083,554,44914108
2010-08-09,32.7,32.65,33.3,32.2,-0.05,-1,1292522,601,42254539
2010-08-10,32.65,32.15,32.7,31.85,-0.5,-1,1235593,503,39645550
2010-08-11,31.9,31.5,32.4,31.4,-0.65,-1,665502,342,21080633
2010-08-12,31.3,32.5,32.9,31.3,1.0,1,1798375,782,58365175
2010-08-13,32.5,32.8,33.1,32.2,0.3,1,1591554,644,52171338
2010-08-16,32.8,32.75,33.3,32.7,-0.05,-1,1047850,447,34572392
2010-08-17,32.8,32.5,32.8,32.1,-0.25,-1,906220,371,29375032
2010-08-18,32.75,32.2,33.0,32.2,-0.3,-1,831248,319,27083186
2010-08-19,32.5,34.2,34.35,32.2,2.0,1,4492644,1935,151734852
2010-08-20,34.2,34.25,34.95,33.9,0.05,1,2434933,1036,83763157
2010-08-23,34.25,33.7,34.45,33.65,-0.55,-1,1164541,468,39522899
2010-08-24,33.7,34.0,34.25,33.6,0.3,1,967616,428,32816866
2010-08-25,33.55,32.9,34.3,32.9,-1.1,-1,1283256,576,43082419
2010-08-26,32.8,32.8,33.4,32.55,-0.1,-1,724320,379,23814077
2010-08-27,32.8,33.1,33.1,32.6,0.3,1,489600,304,16066858
2010-08-30,33.8,33.75,34.2,33.3,0.65,1,1565891,681,53014183
2010-08-31,33.5,33.3,33.7,32.3,-0.45,-1,992300,459,32710239
2010-09-01,33.1,33.6,33.6,32.85,0.3,1,1242918,512,41455911
2010-09-02,33.9,34.0,34.2,33.35,0.4,1,2059654,693,69765330
2010-09-03,34.1,36.2,36.3,34.1,2.2,1,7078360,2569,250997110
2010-09-06,38.2,38.15,38.7,37.0,1.95,1,14001715,4705,535545717
2010-09-07,38.0,38.0,38.2,37.4,-0.15,-1,3873566,1534,146558491
2010-09-08,38.6,38.3,39.3,37.7,0.3,1,9020813,3198,347496921
2010-09-09,39.0,38.0,39.0,36.8,-0.3,-1,3543419,1487,134416434
2010-09-10,38.15,37.5,38.3,37.4,-0.5,-1,1944477,906,73293686
2010-09-13,37.8,38.0,38.3,37.25,0.5,1,2973928,1238,112748460
2010-09-14,38.1,40.0,40.5,38.1,2.0,1,9128818,3594,360133367
2010-09-15,40.0,39.75,40.4,39.4,-0.25,-1,5413493,1920,216403121
2010-09-16,39.75,39.9,41.0,39.5,0.15,1,6500718,2354,261557417
2010-09-17,40.15,39.6,40.3,39.6,-0.3,-1,2299584,1091,91690355
2010-09-20,40.0,40.3,40.5,39.0,0.7,1,4507039,1630,180795658
2010-09-21,41.0,41.5,41.9,40.55,1.2,1,7922049,2878,326552062
2010-09-23,41.8,41.05,41.8,40.8,-0.45,-1,2107264,944,86627178
2010-09-24,41.0,40.95,41.0,39.8,-0.1,-1,2930624,1148,118480968
2010-09-27,41.2,39.6,41.3,39.2,-1.35,-1,2478050,1049,99054722
2010-09-28,39.5,38.55,39.5,38.0,-1.05,-1,5144737,2043,197649705
2010-09-29,38.65,39.05,39.2,37.9,0.5,1,3992537,1663,153901593
2010-09-30,39.65,39.0,39.65,38.3,-0.05,-1,1821082,754,71024649
2010-10-01,39.6,39.8,40.6,39.0,0.8,1,4958595,1761,198421876
2010-10-04,39.8,38.1,40.5,38.05,-1.7,-1,2640662,1107,103696968
2010-10-05,37.8,37.4,37.9,36.55,-0.7,-1,3306935,1488,122639365
2010-10-06,37.6,37.0,38.0,36.75,-0.4,-1,2679880,1141,99984510
2010-10-07,37.0,37.5,37.85,36.85,0.5,1,3378322,1168,127081997
2010-10-08,37.9,38.65,39.2,37.3,1.15,1,6025048,1999,231659758
2010-10-11,37.8,39.1,39.2,37.8,0.45,1,4436789,1643,171942538
2010-10-12,40.1,39.8,40.5,39.1,0.7,1,4643139,1670,184638050
2010-10-13,40.5,42.55,42.55,40.4,2.75,1,9331453,2812,391533946
2010-10-14,43.0,42.55,43.7,42.3,0.0,0,10177197,3742,437577445
2010-10-15,42.9,42.8,43.5,42.2,0.25,1,6114343,2325,262002369
2010-10-18,43.35,41.25,43.4,40.45,-1.55,-1,3316713,1406,138863401
2010-10-19,41.2,41.0,41.25,40.15,-0.25,-1,1808480,782,73544655
2010-10-20,40.6,43.05,43.5,40.5,2.05,1,5784849,2423,245504666
2010-10-21,43.5,42.2,43.5,42.1,-0.85,-1,2280014,1212,97291683
2010-10-22,42.2,41.1,42.6,41.05,-1.1,-1,3150361,1293,130801723
2010-10-25,41.1,41.25,41.6,40.65,0.15,1,3352273,1239,137300114
2010-10-26,41.5,42.6,42.7,41.45,1.35,1,4317585,1829,182203348
2010-10-27,42.8,41.4,42.9,40.8,-1.2,-1,3615130,1422,149750481
2010-10-28,41.6,41.45,42.3,41.3,0.05,1,2516358,1056,104981232
2010-10-29,42.15,40.9,42.15,40.9,-0.55,-1,1330242,576,54876372
2010-11-01,40.95,39.5,41.2,39.0,-1.4,-1,3394522,1425,135169518
2010-11-02,39.5,38.9,40.25,38.4,-0.6,-1,1638500,817,64336774
2010-11-03,39.2,37.05,39.5,36.8,-1.85,-1,2746739,1189,103500132
2010-11-04,37.2,38.0,38.0,36.2,0.95,1,3391596,1428,126026948
2010-11-05,38.6,38.0,38.6,37.5,0.0,0,1802507,808,68524911
2010-11-08,37.9,36.0,37.9,36.0,-2.0,-1,2278300,1010,83248443
2010-11-09,36.8,38.5,38.5,36.0,2.5,1,4165341,1660,157690778
2010-11-10,38.8,39.3,39.95,38.6,0.8,1,4288331,1815,168178970
2010-11-11,39.5,39.45,39.85,39.25,0.15,1,1685854,710,66581051
2010-11-12,39.3,39.0,39.3,38.3,-0.45,-1,933976,482,36120140
2010-11-15,39.0,38.0,39.2,38.0,-1.0,-1,1484926,666,57059638
2010-11-16,37.8,37.8,38.4,37.7,-0.2,-1,905665,504,34420637
2010-11-17,37.6,37.55,38.25,37.4,-0.25,-1,1068000,552,40320100
2010-11-18,37.5,37.0,37.9,36.6,-0.55,-1,1308590,765,48415930
2010-11-19,37.3,37.65,37.8,37.05,0.65,1,1849860,939,69346534
2010-11-22,38.5,37.4,38.5,37.2,-0.25,-1,771277,363,29066891
2010-11-23,37.4,36.6,37.5,36.3,-0.8,-1,1723735,910,63513699
2010-11-24,36.25,36.15,36.25,35.75,-0.45,-1,2314571,999,83381139
2010-11-25,36.15,36.75,37.15,36.15,0.6,1,3396264,1282,125076048
2010-11-26,36.8,36.3,37.0,36.25,-0.45,-1,2166502,909,79277697
2010-11-29,36.5,36.8,37.25,36.3,0.5,1,2177574,926,80277540
2010-11-30,36.8,38.2,38.8,36.8,1.4,1,7441735,2598,283031230
2010-12-01,38.3,38.0,38.6,37.9,-0.2,-1,3457047,1030,132013486
2010-12-02,38.5,39.0,39.15,38.15,1.0,1,4752285,1682,183739404
2010-12-03,39.2,40.2,40.25,39.15,1.2,1,6488977,2333,258359980
2010-12-06,40.7,40.5,40.8,40.0,0.3,1,3832177,1399,154926244
2010-12-07,40.5,40.9,41.0,39.65,0.4,1,2755418,991,111182029
2010-12-08,40.9,39.75,41.1,39.7,-1.15,-1,1688674,768,68151001
2010-12-09,40.0,39.75,40.5,39.45,0.0,0,2226329,931,88831519
2010-12-10,39.9,40.2,40.5,39.8,0.45,1,2398144,991,96287272
2010-12-13,40.7,40.05,40.7,39.9,-0.15,-1,1509178,684,60511134
2010-12-14,40.05,39.85,40.4,39.45,-0.2,-1,1919571,781,76696208
2010-12-15,39.75,39.5,39.8,37.9,-0.35,-1,3301129,1269,127502918
2010-12-16,39.0,38.45,39.0,38.3,-1.05,-1,2202621,926,84902417
2010-12-17,38.5,37.85,38.8,37.65,-0.6,-1,2760965,1293,105009325
2010-12-20,38.0,38.2,38.5,38.0,0.35,1,1553180,708,59352863
2010-12-21,38.3,38.0,38.5,37.9,-0.2,-1,1666220,706,63576060
2010-12-22,38.05,38.1,38.85,38.05,0.1,1,2833697,1174,108790886
2010-12-23,38.5,38.2,38.5,38.0,0.1,1,1502758,637,57358512
2010-12-24,38.2,37.8,38.2,37.65,-0.4,-1,1406408,653,53250684
2010-12-27,38.0,37.35,38.0,37.3,-0.45,-1,1096743,546,41033946
2010-12-28,37.35,36.9,37.55,36.8,-0.45,-1,1686003,896,62518008
2010-12-29,37.2,36.45,37.2,36.45,-0.45,-1,1429801,652,52471076
2010-12-30,36.45,37.0,37.05,36.4,0.55,1,1701808,726,62447401
2010-12-31,37.0,37.1,37.2,36.5,0.1,1,2240260,849,82619630
2011-01-03,37.3,36.85,37.6,36.85,-0.25,-1,974904,394,36196748
2011-01-04,36.9,36.7,37.2,36.5,-0.15,-1,2004350,841,73637144
2011-01-05,36.9,36.35,36.9,36.3,-0.35,-1,1252904,526,45729943
2011-01-06,36.5,37.0,37.5,36.35,0.65,1,1190386,614,44087782
2011-01-07,37.3,36.8,37.4,36.5,-0.2,-1,870247,413,32112811
2011-01-10,37.2,36.65,37.2,36.5,-0.15,-1,611880,384,22432907
2011-01-11,36.7,36.95,37.5,36.7,0.3,1,1186921,611,43914632
2011-01-12,37.3,36.8,37.35,36.8,-0.15,-1,926390,498,34292924
2011-01-13,37.15,37.25,37.8,37.0,0.45,1,2484557,980,92952534
2011-01-14,37.3,37.7,37.95,37.25,0.45,1,2330708,961,87758822
2011-01-17,38.5,38.7,39.15,38.2,1.0,1,6077481,2617,235236509
2011-01-18,38.7,38.8,40.0,38.3,0.1,1,5348364,2228,210704006
2011-01-19,39.0,38.2,39.1,38.15,-0.6,-1,2526511,1085,97182371
2011-01-20,38.2,37.7,38.5,37.65,-0.5,-1,1681146,810,63766742
2011-01-21,37.5,37.35,37.6,37.05,-0.35,-1,1583021,785,59094482
2011-01-24,37.5,36.85,37.5,36.8,-0.5,-1,971032,507,35963129
2011-01-25,36.85,37.1,37.4,36.8,0.25,1,2119250,827,78534672
2011-01-26,36.85,36.8,37.1,36.65,-0.3,-1,1727396,806,63602708
2011-01-27,36.9,37.0,37.4,36.8,0.2,1,1605104,678,59514148
2011-01-28,37.05,36.75,37.2,36.5,-0.25,-1,1486237,656,54620244
2011-02-08,37.0,35.8,37.2,35.8,-0.95,-1,2403422,926,87009550
2011-02-09,35.6,35.3,36.15,35.05,-0.5,-1,1898560,817,67537360
2011-02-10,35.0,34.35,35.1,34.2,-0.95,-1,2098487,992,72601069
2011-02-11,34.35,33.95,34.9,33.9,-0.4,-1,1131724,613,39037284
2011-02-14,34.3,34.0,34.8,33.9,0.05,1,1632745,649,55796352
2011-02-15,34.0,33.55,34.2,33.4,-0.45,-1,2161006,945,73018398
2011-02-16,33.65,34.9,34.95,33.55,1.35,1,2891200,1248,98877457
2011-02-17,35.1,34.85,35.3,34.35,-0.05,-1,2807795,1141,97607365
2011-02-18,35.0,35.5,36.0,34.85,0.65,1,3670311,1412,130695189
2011-02-21,35.5,35.1,35.5,34.9,-0.4,-1,1559749,547,54815136
2011-02-22,34.7,33.9,34.8,32.8,-1.2,-1,2322173,1062,78229499
2011-02-23,33.8,32.9,34.1,32.9,-1.0,-1,1455700,650,48652926
2011-02-24,33.0,32.85,33.15,32.3,-0.05,-1,1641650,691,53544882
2011-02-25,33.2,34.85,35.1,33.05,2.0,1,2904053,1368,99513640
2011-03-01,35.5,35.35,35.8,34.8,0.5,1,2329324,961,82360854
2011-03-02,34.8,35.5,36.05,34.8,0.15,1,2801910,1114,99921846
2011-03-03,36.2,36.15,36.2,35.35,0.65,1,5309784,1920,190669598
2011-03-04,36.15,35.4,36.2,35.35,-0.75,-1,2302583,969,82060926
2011-03-07,35.4,34.5,35.4,34.4,-0.9,-1,1339637,658,46402538
2011-03-08,35.0,34.75,35.2,34.6,0.25,1,856884,415,29908723
2011-03-09,35.4,34.9,35.4,34.5,0.15,1,1267502,581,44294190
2011-03-10,35.25,34.7,35.25,34.5,-0.2,-1,639181,361,22178598
2011-03-11,34.2,33.85,34.3,33.75,-0.85,-1,1219993,593,41414112
2011-03-14,33.5,32.7,33.5,32.35,-1.15,-1,1189245,609,39070308
2011-03-15,32.7,30.55,33.3,30.45,-2.15,-1,3546010,1187,109692626
2011-03-16,30.7,30.55,31.45,29.35,0.0,0,3301199,1118,99568388
2011-03-17,29.8,30.85,31.65,29.5,0.3,1,1488277,838,45663387
2011-03-18,31.1,31.5,31.6,30.7,0.65,1,1123629,562,35071212
2011-03-21,31.6,31.8,31.9,31.4,0.3,1,706140,357,22302668
2011-03-22,32.05,32.5,32.5,31.9,0.7,1,1926854,734,61894953
2011-03-23,32.7,33.25,33.3,32.55,0.75,1,1461920,754,48330470
2011-03-24,33.4,33.8,33.9,33.4,0.55,1,1366517,545,46026623
2011-03-25,33.8,33.6,33.8,33.25,-0.2,-1,838291,452,28095476
2011-03-28,33.75,33.0,33.75,32.8,-0.6,-1,636150,274,21027750
2011-03-29,32.9,33.35,33.4,32.6,0.35,1,865693,326,28560060
2011-03-30,33.2,33.35,33.4,33.05,0.0,0,609547,224,20238540
2011-03-31,33.2,33.35,33.4,33.05,0.0,0,593771,256,19755195
2011-04-01,33.35,33.35,33.45,33.1,0.0,0,381279,206,12704431
2011-04-06,33.85,33.55,33.85,33.2,0.2,1,859506,439,28766060
2011-04-07,33.7,33.75,33.75,33.45,0.2,1,483650,253,16267518
2011-04-08,33.75,33.8,34.3,33.5,0.05,1,1047271,500,35554658
2011-04-11,33.5,33.6,33.6,32.9,-0.2,-1,893824,359,29679633
2011-04-12,33.0,32.8,33.2,32.6,-0.8,-1,504579,267,16560948
2011-04-13,32.8,33.3,33.3,32.6,0.5,1,395517,194,13009537
2011-04-14,33.3,33.65,33.8,33.2,0.35,1,455091,272,15251225
2011-04-15,33.65,33.35,33.65,33.0,-0.3,-1,506193,234,16896186
2011-04-18,33.2,32.95,33.2,32.65,-0.4,-1,462114,253,15227903
2011-04-19,32.7,32.35,32.7,32.0,-0.6,-1,320011,185,10362207
2011-04-20,32.4,32.7,33.1,32.4,0.35,1,695946,312,22884876
2011-04-21,33.1,33.0,33.25,32.7,0.3,1,875898,361,28910284
2011-04-22,33.4,33.6,33.75,33.0,0.6,1,1211406,551,40529625
2011-04-25,34.1,34.7,35.0,33.3,1.1,1,2828195,1234,97299332
2011-04-26,35.0,34.6,35.0,34.2,-0.1,-1,1778459,672,61702256
2011-04-27,35.0,34.7,35.45,34.2,0.1,1,2265837,872,79044799
2011-04-28,34.65,34.0,35.0,33.9,-0.7,-1,1284786,524,44152224
2011-04-29,34.0,33.75,34.55,33.45,-0.25,-1,955257,423,32454857
2011-05-03,34.35,35.1,35.2,33.75,1.35,1,3094246,1198,107041329
2011-05-04,35.35,36.5,36.5,35.1,1.4,1,5554601,2150,199397769
2011-05-05,35.8,36.9,37.65,35.8,0.4,1,6781098,2384,251172304
2011-05-06,36.9,37.25,37.35,36.4,0.35,1,2358081,1030,87087959
2011-05-09,38.0,38.2,38.7,37.9,0.95,1,6780748,2345,259548255
2011-05-10,38.2,39.0,39.8,37.45,0.8,1,9937946,3479,387604094
2011-05-11,39.5,38.1,40.1,38.1,-0.9,-1,9542799,3304,375596544
2011-05-12,37.85,39.2,40.75,37.85,1.1,1,18790707,5751,747420473
2011-05-13,39.7,40.7,41.3,39.5,1.5,1,12753883,4512,517367118
2011-05-16,40.95,40.6,41.5,40.4,-0.1,-1,4079710,1804,166821430
2011-05-17,40.9,40.1,41.0,39.2,-0.5,-1,4814740,2029,193406450
2011-05-18,40.8,40.1,40.8,40.05,0.0,0,2319249,1170,93632931
2011-05-19,40.3,40.2,41.7,39.8,0.1,1,6927025,2886,282748650
2011-05-20,40.5,40.2,41.0,39.8,0.0,0,3815786,1756,153432390
2011-05-23,40.6,40.3,41.15,40.0,0.1,1,3398007,1509,138007729
2011-05-24,40.7,38.6,40.9,38.1,-1.7,-1,6859873,2959,267660296
2011-05-25,38.6,39.65,39.7,38.5,1.05,1,4694334,1919,184327824
2011-05-26,40.0,39.9,40.3,39.4,0.25,1,2133560,953,85111779
2011-05-27,40.25,42.2,42.3,39.8,2.3,1,9523908,3904,395130707
2011-05-30,42.4,42.2,42.8,41.4,0.0,0,5149072,2367,217519234
2011-05-31,43.0,42.1,43.2,41.8,-0.1,-1,4271734,1864,181355897
2011-06-01,42.3,41.45,42.8,41.4,-0.65,-1,3565921,1525,150154820
2011-06-02,41.0,41.9,42.45,40.8,0.45,1,4119746,1677,172231116
2011-06-03,42.8,42.55,43.35,42.25,0.65,1,7088595,2599,304403742
2011-06-07,42.55,42.7,43.0,41.9,0.15,1,1940887,1038,82536784
2011-06-08,42.7,41.65,42.7,41.65,-1.05,-1,1865615,890,78587811
2011-06-09,41.9,41.6,41.9,40.0,-0.05,-1,3074651,1280,125771798
2011-06-10,41.55,40.25,41.55,40.2,-1.35,-1,2549864,1081,103615272
2011-06-13,39.5,39.45,39.6,38.9,-0.8,-1,2805325,1008,110045516
2011-06-14,39.4,40.2,40.4,39.3,0.75,1,2055270,904,81854304
2011-06-15,40.4,39.05,40.4,37.8,-1.15,-1,2704189,1195,105723077
2011-06-16,38.5,37.9,38.5,37.9,-1.15,-1,1965185,750,74934480
2011-06-17,37.9,38.05,38.4,37.0,0.15,1,1699335,700,63878230
2011-06-20,38.0,36.5,38.1,36.4,-1.55,-1,2009536,807,74283041
2011-06-21,36.7,37.45,37.6,36.05,0.95,1,1677204,798,61787835
2011-06-22,37.8,37.2,37.8,37.0,-0.25,-1,1046415,488,39158187
2011-06-23,37.15,37.4,37.9,37.1,0.2,1,812321,444,30365488
2011-06-24,37.5,37.0,37.7,36.3,-0.4,-1,1955176,832,71777262
2011-06-27,36.2,36.4,36.8,36.2,-0.6,-1,932156,434,33926244
2011-06-28,36.75,36.3,37.1,36.3,-0.1,-1,1175100,522,43077363
2011-06-29,37.0,36.7,37.2,36.5,0.4,1,1461322,646,53915417
2011-06-30,36.8,36.6,36.95,36.5,-0.1,-1,730019,321,26788448
2011-07-01,37.2,38.3,38.6,36.8,1.7,1,4006253,1563,151216789
2011-07-04,38.3,38.0,38.3,37.4,-0.3,-1,2263050,835,85347065
2011-07-05,38.0,38.6,39.25,37.8,0.6,1,4206820,1737,162968748
2011-07-06,38.5,38.2,38.8,38.2,-0.4,-1,1756620,716,67567496
2011-07-07,38.6,37.9,38.7,37.85,-0.3,-1,1007249,512,38501613
2011-07-08,37.9,37.0,38.05,36.65,-0.9,-1,2013330,867,75102410
2011-07-11,34.8,35.2,36.8,34.5,-1.8,-1,3005060,1265,105593280
2011-07-12,34.4,33.45,34.9,32.75,-1.75,-1,3491526,1245,115864376
2011-07-13,33.45,33.45,34.2,32.4,0.0,0,1633480,804,54617559
2011-07-14,33.8,32.95,34.0,32.05,-0.5,-1,1514947,789,49744201
2011-07-15,33.7,34.4,34.7,33.3,1.45,1,1506186,795,51390317
2011-07-18,34.3,34.45,34.8,34.2,0.05,1,948150,492,32710532
2011-07-19,34.2,34.6,34.8,34.2,0.15,1,570023,276,19670995
2011-07-20,34.9,35.2,35.3,34.85,0.6,1,965350,463,33864869
2011-07-21,35.2,34.75,35.45,34.5,-0.45,-1,537283,277,18655245
2011-07-22,35.05,35.3,35.8,35.0,0.55,1,1209367,693,42803285
2011-07-25,35.6,34.9,35.7,34.6,-0.4,-1,351082,257,12292770
2011-07-26,34.9,35.5,35.5,34.6,0.6,1,1272554,584,44770366
2011-07-27,35.4,35.85,35.85,35.35,0.35,1,931655,526,33185796
2011-07-28,35.3,35.3,35.35,35.0,-0.55,-1,520070,249,18316174
2011-07-29,35.05,33.2,35.15,32.85,-2.1,-1,1865325,855,62284017
2011-08-01,33.5,31.7,33.5,31.5,-1.5,-1,2005702,1062,64717216
2011-08-02,31.4,30.9,31.4,29.55,-0.8,-1,6918923,2709,208721172
2011-08-03,29.35,29.9,30.1,29.2,0.0,0,5167522,1895,153375703
2011-08-04,30.3,29.8,30.4,29.75,-0.1,-1,3151208,986,94600045
2011-08-05,27.75,27.9,29.0,27.75,-1.9,-1,3525801,1073,98958743
2011-08-08,28.0,26.35,28.5,25.95,-1.55,-1,3690674,1256,98935840
2011-08-09,24.55,26.05,26.25,24.55,-0.3,-1,5827017,1571,145100442
2011-08-10,27.4,26.7,27.4,26.3,0.65,1,4426140,1588,118488437
2011-08-11,26.0,27.1,27.1,25.25,0.4,1,1486370,606,39268045
2011-08-12,27.5,27.3,27.75,26.9,0.2,1,2119254,846,57921462
2011-08-15,27.5,29.2,29.2,27.5,1.9,1,4987136,1708,142855470
2011-08-16,29.8,29.5,29.8,29.0,0.3,1,3811109,1468,112239075
2011-08-17,29.7,29.25,29.7,29.1,-0.25,-1,1345412,599,39462733
2011-08-18,29.2,29.5,29.95,28.75,0.25,1,2875963,1361,84830208
2011-08-19,28.5,27.45,28.9,27.45,-2.05,-1,2224768,1026,62167528
2011-08-22,27.5,27.8,28.7,27.2,0.35,1,1271090,681,35353570
2011-08-23,28.2,29.2,29.4,27.9,1.4,1,1253005,618,35708747
2011-08-24,29.3,29.6,29.7,28.75,0.4,1,1918297,911,56192911
2011-08-25,29.8,29.8,30.9,29.3,0.2,1,4067463,1814,122694099
2011-08-26,29.8,29.45,30.2,28.85,-0.35,-1,1771965,819,52184125
2011-08-29,29.8,30.0,30.2,29.45,0.55,1,1385701,716,41244180
2011-08-30,30.9,30.7,31.45,30.5,0.7,1,4358560,1863,134411787
2011-08-31,30.7,30.95,31.1,30.25,0.25,1,2428000,1214,74501198
2011-09-01,31.0,30.5,31.2,30.5,-0.45,-1,2628390,1178,81190194
2011-09-02,30.35,30.6,30.75,30.35,0.1,1,1310560,619,39970308
2011-09-05,30.3,29.6,30.45,29.55,-1.0,-1,1288510,714,38460673
2011-09-06,29.5,29.3,30.2,29.15,-0.3,-1,1184607,651,34978434
2011-09-07,29.55,30.05,30.15,29.55,0.75,1,850678,456,25497890
2011-09-08,30.7,30.15,30.7,29.7,0.1,1,918641,414,27681025
2011-09-09,29.85,29.8,30.4,29.5,-0.35,-1,1362493,537,40684138
2011-09-13,29.7,28.9,29.7,28.75,-0.9,-1,990000,467,28886850
2011-09-14,29.35,27.7,29.5,26.9,-1.2,-1,2045818,928,58337804
2011-09-15,28.7,29.0,29.4,28.5,1.3,1,1812873,829,52418167
2011-09-16,29.45,31.0,31.0,29.45,2.0,1,7081161,2409,214857891
2011-09-19,31.0,30.5,31.0,30.2,-0.5,-1,2481526,1117,75836940
2011-09-20,31.1,31.65,31.7,30.5,1.15,1,6130454,2662,191312945
2011-09-21,31.9,32.2,32.85,31.75,0.55,1,5157640,2228,166515308
2011-09-22,31.5,32.2,32.4,31.15,0.0,0,3251200,1402,103680269
2011-09-23,30.7,30.9,31.4,30.1,-1.3,-1,2292960,1148,70454211
2011-09-26,30.85,29.9,31.45,29.5,-1.0,-1,3544716,1629,108290607
2011-09-27,31.0,31.95,31.95,30.8,2.05,1,2248586,909,71134270
2011-09-28,32.2,32.9,33.8,32.2,0.95,1,7393726,3303,244157631
2011-09-29,32.9,32.85,33.9,32.35,-0.05,-1,3691322,2030,122893421
2011-09-30,32.9,33.15,33.3,32.3,0.3,1,2284643,1063,74710082
2011-10-03,32.5,32.1,32.7,32.1,-1.05,-1,1175961,654,38019347
2011-10-04,31.3,32.8,32.8,31.15,0.7,1,2091620,1224,67485463
2011-10-05,33.25,32.25,33.3,32.25,-0.55,-1,1061182,599,34626918
2011-10-06,33.0,32.55,33.15,32.1,0.3,1,1626293,1053,52909658
2011-10-07,33.1,32.2,33.1,32.2,-0.35,-1,1248780,589,40609916
2011-10-11,32.8,33.05,33.4,32.55,0.85,1,1786599,888,58990717
2011-10-12,33.2,32.65,33.2,32.3,-0.4,-1,1833165,802,60094761
2011-10-13,32.85,32.75,33.2,32.6,0.1,1,1637353,744,53811993
2011-10-14,32.7,33.95,34.2,32.4,1.2,1,3224847,1475,108240032
2011-10-17,34.0,33.7,34.0,33.15,-0.25,-1,1842434,867,61760289
2011-10-18,33.6,34.0,34.8,33.6,0.3,1,5582972,2572,191377048
2011-10-19,34.3,33.4,34.3,33.2,-0.6,-1,1691532,868,57149518
2011-10-20,33.4,32.5,33.65,32.5,-0.9,-1,1184108,531,39108376
2011-10-21,33.0,32.8,33.2,32.5,0.3,1,1113441,541,36543503
2011-10-24,33.45,33.4,33.5,33.1,0.6,1,1505403,559,50206257
2011-10-25,33.7,33.2,34.0,33.15,-0.2,-1,986061,550,33019724
2011-10-26,32.85,33.75,33.85,32.85,0.55,1,1185631,502,39707246
2011-10-27,34.25,34.3,34.8,34.0,0.55,1,5376023,2336,185497541
2011-10-28,35.0,33.8,35.1,33.8,-0.5,-1,2921894,1223,100933337
2011-10-31,34.0,33.35,34.0,33.2,-0.45,-1,1361181,604,45717385
2011-11-01,33.4,33.75,33.85,33.35,0.4,1,891490,482,30020060
2011-11-02,32.2,32.95,33.3,32.15,-0.8,-1,1382343,792,45445551
2011-11-03,32.95,31.9,33.2,31.65,-1.05,-1,1764210,908,56961747
2011-11-04,32.5,32.4,32.65,32.2,0.5,1,1100885,573,35745361
2011-11-07,32.6,32.5,32.9,32.45,0.1,1,756285,317,24629161
2011-11-08,32.9,33.45,33.8,32.9,0.95,1,2540623,1034,84980207
2011-11-09,33.65,33.45,34.3,32.9,0.0,0,1827886,904,61506491
2011-11-10,32.4,31.8,32.7,31.3,-1.65,-1,1368362,744,43639695
2011-11-11,32.0,31.95,32.3,31.15,0.15,1,846452,524,26916440
2011-11-14,32.5,32.5,32.7,32.3,0.55,1,706999,346,23011716
2011-11-15,32.6,33.4,33.4,32.5,0.9,1,2157516,939,71347504
2011-11-16,34.05,33.0,34.45,33.0,-0.4,-1,3774539,1530,127236401
2011-11-17,33.0,33.2,33.4,32.6,0.2,1,1047098,569,34625951
2011-11-18,32.9,33.0,33.25,32.6,-0.2,-1,1036799,505,34085692
2011-11-21,32.9,31.0,32.9,30.7,-2.0,-1,1450136,781,45534321
2011-11-22,31.0,29.5,31.4,28.85,-1.5,-1,2548550,1343,74999350
2011-11-23,29.5,28.05,29.5,28.05,-1.45,-1,1431040,961,41048310
2011-11-24,27.8,28.8,29.15,27.7,0.75,1,885050,453,25212350
2011-11-25,29.5,28.55,29.5,28.2,-0.25,-1,735770,382,21189759
2011-11-28,28.95,29.0,29.3,28.9,0.45,1,534160,271,15536788
2011-11-29,29.45,31.0,31.0,29.1,2.0,1,2907782,1362,88578535
2011-11-30,31.25,30.15,31.25,30.15,-0.85,-1,1819587,1035,56107384
2011-12-01,31.65,31.9,32.2,31.05,1.75,1,1836573,942,58129628
2011-12-02,31.3,32.25,32.5,31.3,0.35,1,1140489,632,36497819
2011-12-05,32.25,31.85,32.25,31.5,-0.4,-1,619241,318,19690462
2011-12-06,31.7,30.5,31.8,30.5,-1.35,-1,732291,411,22715703
2011-12-07,30.7,31.6,31.7,30.7,1.1,1,932972,603,29102815
2011-12-08,31.6,31.05,32.0,31.05,-0.55,-1,1526915,782,48123357
2011-12-09,30.3,31.65,32.0,30.3,0.6,1,1449486,807,45737180
2011-12-12,32.2,32.5,32.75,31.9,0.85,1,1522413,709,49200970
2011-12-13,32.05,32.7,33.1,32.05,0.2,1,1229787,662,40184634
2011-12-14,32.8,33.6,33.9,32.6,0.9,1,3052154,1358,102013313
2011-12-15,33.5,33.35,34.4,33.25,-0.25,-1,3465503,1529,117113223
2011-12-16,33.5,32.75,34.3,32.3,-0.6,-1,4213302,1762,141408485
2011-12-19,33.1,32.8,33.2,32.3,0.05,1,1966262,911,64549580
2011-12-20,32.85,32.8,32.95,32.55,0.0,0,1079623,462,35397519
2011-12-21,33.5,33.75,34.2,33.35,0.95,1,2177890,938,73610453
2011-12-22,33.85,33.4,33.85,33.2,-0.35,-1,1026000,522,34254400
2011-12-23,33.9,33.9,34.45,33.7,0.5,1,2455620,1125,83671718
2011-12-26,34.2,33.65,34.2,33.45,-0.25,-1,803305,479,27069063
2011-12-27,33.75,33.3,33.8,33.15,-0.35,-1,697358,387,23309271
2011-12-28,33.2,33.15,33.95,33.1,-0.15,-1,728193,444,24323196
2011-12-29,33.0,33.1,33.6,33.0,-0.05,-1,521010,384,17348181
2011-12-30,33.5,33.35,33.75,32.9,0.25,1,1477102,877,49434105
2012-01-02,33.5,32.4,33.7,32.4,-0.95,-1,832000,470,27360800
2012-01-03,32.95,32.75,32.95,32.4,0.35,1,956258,428,31206612
2012-01-04,32.75,32.8,33.3,32.7,0.05,1,1264120,586,41671177
2012-01-05,33.0,33.5,34.1,32.9,0.7,1,2620100,1036,88264099
2012-01-06,33.5,32.65,33.9,32.65,-0.85,-1,1528106,730,50547757
2012-01-09,33.3,31.5,33.3,31.4,-1.15,-1,1549321,775,49794943
2012-01-10,31.7,32.0,32.2,31.55,0.5,1,1544090,773,49306530
2012-01-11,32.5,33.5,33.9,32.05,1.5,1,3594450,1571,119287607
2012-01-12,33.8,33.15,33.85,33.05,-0.35,-1,1234221,817,41321911
2012-01-13,33.6,32.6,33.6,32.5,-0.55,-1,1329703,851,43768732
2012-01-16,32.8,32.9,33.0,32.1,0.3,1,1080575,612,35227043
2012-01-17,34.05,35.2,35.2,34.05,2.3,1,5344260,1794,185961648
2012-01-18,35.6,36.5,37.65,35.6,1.3,1,8766803,3043,322232506
2012-01-30,37.65,38.2,39.05,37.65,1.7,1,6252179,2223,239815832
2012-01-31,38.2,38.9,38.9,38.0,0.7,1,4407217,1813,169854236
2012-02-01,38.6,38.95,40.2,38.3,0.05,1,5017344,1825,197161377
2012-02-02,39.1,38.3,39.2,37.3,-0.65,-1,5722014,2807,217693484
2012-02-03,37.6,38.0,38.9,37.6,-0.3,-1,5737559,2065,219373710
2012-02-04,38.3,38.3,38.7,37.7,0.3,1,4939623,1746,189041934
2012-02-06,38.2,37.5,38.8,37.5,-0.8,-1,4268925,1484,163215586
2012-02-07,37.8,38.0,38.3,37.6,0.5,1,2478877,1112,94156537
2012-02-08,38.9,38.75,39.5,38.55,0.75,1,6117612,2490,238327308
2012-02-09,38.75,38.05,38.75,37.85,-0.7,-1,3520439,1725,134697732
2012-02-10,38.35,38.0,38.5,38.0,-0.05,-1,2092732,921,79922526
2012-02-13,38.3,38.85,39.7,37.8,0.85,1,5694525,2794,221980067
2012-02-14,39.25,38.5,39.4,38.4,-0.35,-1,3264381,1796,126705866
2012-02-15,38.8,39.0,39.5,38.6,0.5,1,5106462,2257,199740037
2012-02-16,39.3,38.15,41.0,37.9,-0.85,-1,8169791,3525,325030672
2012-02-17,39.2,38.3,39.2,37.55,0.15,1,5920840,2416,226877172
2012-02-20,38.5,38.1,38.7,38.05,-0.2,-1,2233711,1036,85484918
2012-02-21,38.3,38.95,39.2,38.05,0.85,1,4439485,2086,172158316
2012-02-22,39.1,41.65,41.65,39.1,2.7,1,14046925,5260,572820379
2012-02-23,41.9,40.75,42.6,40.7,-0.9,-1,10126979,4070,424678588
2012-02-24,41.7,41.0,42.3,40.55,0.25,1,5993834,2587,247608344
2012-02-29,41.95,40.7,41.95,40.2,-0.3,-1,3631040,1689,148625922
2012-03-01,41.2,41.3,41.9,40.8,0.6,1,4287943,1865,177423696
2012-03-02,41.8,40.9,42.1,40.9,-0.4,-1,4115283,1678,170509869
2012-03-03,40.5,40.2,40.85,39.8,-0.7,-1,3583449,1502,144070647
2012-03-05,40.2,43.0,43.0,39.35,2.8,1,18811091,5809,797312863
2012-03-06,43.8,42.0,43.8,41.6,-1.0,-1,8219589,3430,350460538
2012-03-07,41.0,41.5,42.35,40.85,-0.5,-1,4862124,2045,202723395
2012-03-08,42.1,44.4,44.4,41.65,2.9,1,14026407,4639,613049901
2012-03-09,44.4,45.7,47.1,44.35,1.3,1,17280469,7149,787515968
2012-03-12,46.5,45.7,47.45,45.45,0.0,0,7144915,3472,331141361
2012-03-13,45.8,45.25,46.1,44.4,-0.45,-1,5522481,2483,248981260
2012-03-14,46.3,47.1,48.4,45.8,1.85,1,12912360,4760,613944870
2012-03-15,47.1,46.9,47.4,46.1,-0.2,-1,3827656,1918,179185626
2012-03-16,46.9,47.1,48.2,46.8,0.2,1,5048149,2162,239549853
2012-03-19,47.3,46.9,47.5,46.5,-0.2,-1,2007002,1024,94066436
2012-03-20,47.0,45.3,47.15,45.1,-1.6,-1,3487607,1776,160025464
2012-03-21,45.3,44.6,45.6,44.1,-0.7,-1,3192603,1437,142699961
2012-03-22,45.0,45.1,46.1,44.6,0.5,1,2612403,1338,118363325
2012-03-23,45.0,45.55,46.2,44.6,0.45,1,2317070,1302,105097134
2012-03-26,45.6,45.6,47.0,45.55,0.05,1,3982701,2102,184746412
2012-03-27,45.8,44.8,46.25,44.8,-0.8,-1,2230000,1192,101048850
2012-03-28,45.0,44.9,45.45,44.6,0.1,1,2444128,1297,109910682
2012-03-29,45.1,43.35,45.9,41.85,-1.55,-1,5015679,2451,220181277
2012-03-30,43.0,45.85,45.9,42.15,2.5,1,5214476,2613,231360421
2012-04-02,45.8,44.2,45.85,44.2,-1.65,-1,2636682,1416,118676243
2012-04-03,44.5,43.0,45.25,42.5,-1.2,-1,3021321,1691,132197103
2012-04-05,41.0,43.35,44.3,40.6,0.35,1,3366561,1768,144057040
2012-04-06,43.55,44.8,44.95,43.55,1.45,1,2600581,1178,115407947
2012-04-09,43.05,43.3,44.8,42.85,-1.5,-1,1448201,791,63116691
2012-04-10,44.1,43.1,44.4,42.3,-0.2,-1,2122836,996,91908330
2012-04-11,42.9,43.45,43.8,42.7,0.35,1,1682256,752,72684669
2012-04-12,43.7,45.0,45.7,43.55,1.55,1,5768815,3123,260101825
2012-04-13,46.0,45.5,46.75,45.0,0.5,1,7023611,3053,320997416
2012-04-16,45.0,45.6,46.0,45.0,0.1,1,2573300,1407,117128714
2012-04-17,45.75,45.0,46.25,44.75,-0.6,-1,3827399,2146,174027014
2012-04-18,45.8,45.0,46.15,44.8,0.0,0,4547300,2283,207320950
2012-04-19,45.0,44.0,45.0,43.55,-1.0,-1,2913268,1577,128557576
2012-04-20,44.0,42.3,44.6,41.8,-1.7,-1,4392879,2328,189528977
2012-04-23,41.7,40.7,42.3,40.65,-1.6,-1,3999238,1778,164436766
2012-04-24,40.7,41.15,41.35,40.3,0.45,1,2707402,1607,110829841
2012-04-25,41.9,41.7,42.2,41.45,0.55,1,2737385,1455,114626171
2012-04-26,42.1,40.8,42.3,40.8,-0.9,-1,2036128,1063,84812559
2012-04-27,41.5,41.0,42.25,40.7,0.2,1,3471235,1660,144332485
2012-04-30,41.0,41.75,41.75,40.6,0.75,1,1671681,1007,68982642
2012-05-02,42.15,43.7,43.95,41.75,1.95,1,3792020,1845,163606024
2012-05-03,43.5,43.65,43.8,43.0,-0.05,-1,2571190,1191,111555682
2012-05-04,43.4,44.0,44.4,43.3,0.35,1,2625010,1516,115446188
2012-05-07,43.0,43.3,43.45,43.0,-0.7,-1,1027919,738,44501745
2012-05-08,43.0,42.8,43.5,42.25,-0.5,-1,2746226,1355,117342445
2012-05-09,42.0,42.2,42.75,41.95,-0.6,-1,1623660,1027,68682901
2012-05-10,42.2,41.8,42.55,41.75,-0.4,-1,1323052,680,55586723
2012-05-11,41.75,41.2,42.1,41.2,-0.6,-1,1164020,681,48331232
2012-05-14,41.3,42.0,42.1,41.2,0.8,1,1168020,739,48735040
2012-05-15,41.25,42.0,42.0,41.25,0.0,0,1089050,739,45391040
2012-05-16,42.45,41.4,42.45,41.25,-0.6,-1,954500,532,39786500
2012-05-17,41.5,41.45,41.85,41.0,0.05,1,963100,553,39928754
2012-05-18,40.7,40.0,41.15,40.0,-1.45,-1,1525081,661,61952690
2012-05-21,40.5,40.0,40.8,39.7,0.0,0,1268270,553,50940050
2012-05-22,40.75,40.7,40.8,40.2,0.7,1,626310,366,25416565
2012-05-23,40.5,40.35,40.8,40.05,-0.35,-1,1064559,486,42969127
2012-05-24,40.0,40.35,40.9,40.0,0.0,0,1068560,710,43295029
2012-05-25,40.05,40.4,40.8,40.05,0.05,1,754240,458,30453920
2012-05-28,40.8,41.3,41.3,40.3,0.9,1,904088,617,37005129
2012-05-29,41.55,42.6,42.8,41.55,1.3,1,1728209,915,73351851
2012-05-30,42.6,42.0,42.6,41.85,-0.6,-1,851308,574,35886866
2012-05-31,41.7,42.4,42.45,41.3,0.4,1,492779,327,20626188
2012-06-01,41.3,41.4,42.5,41.3,-1.0,-1,903060,606,37881280
2012-06-04,40.1,39.1,40.35,38.55,-2.3,-1,1748717,767,68436531
2012-06-05,39.9,39.6,40.3,39.6,0.5,1,811466,449,32367449
2012-06-06,39.9,39.95,40.5,39.7,0.35,1,481250,269,19288574
2012-06-07,40.7,39.95,40.8,39.7,0.0,0,938250,494,37673861
2012-06-08,39.95,38.85,39.95,38.55,-1.1,-1,1154010,577,45171895
2012-06-11,39.5,38.9,39.9,38.6,0.05,1,787633,479,30720937
2012-06-12,38.5,38.2,38.6,37.8,-0.7,-1,922000,549,35181350
2012-06-13,38.3,38.8,38.8,38.2,0.6,1,633200,416,24381400
2012-06-14,38.8,38.85,38.9,38.45,0.05,1,414361,289,16017483
2012-06-15,38.95,39.2,39.25,38.9,0.35,1,695050,396,27130855
2012-06-18,40.0,40.2,40.75,39.7,1.0,1,1045318,604,42023882
2012-06-19,40.2,39.3,40.2,39.3,-0.9,-1,588704,353,23311563
2012-06-20,39.65,40.2,40.2,39.5,0.9,1,599518,349,23827120
2012-06-21,40.2,39.8,40.4,39.65,-0.4,-1,598134,312,23913477
2012-06-22,39.4,40.1,40.1,39.2,0.3,1,443269,310,17607172
2012-06-25,40.1,39.4,40.1,39.3,-0.7,-1,582326,235,23013444
2012-06-26,39.1,39.15,39.4,39.1,-0.25,-1,705501,334,27687287
2012-06-27,39.15,39.15,39.45,39.05,0.0,0,384339,191,15053470
2012-06-28,39.15,38.5,39.7,38.3,-0.65,-1,1015646,541,39285799
2012-06-29,38.5,39.35,39.35,38.15,0.85,1,1139039,474,44113399
2012-07-02,40.15,40.25,40.45,39.8,0.9,1,1429760,744,57422451
2012-07-03,40.7,42.6,42.75,40.25,2.35,1,4028355,1922,168793149
2012-07-04,43.1,43.2,43.5,42.7,0.6,1,3736804,1671,161192750
2012-07-05,43.5,43.55,44.0,43.1,0.35,1,5112270,1971,222754113
2012-07-06,43.55,43.15,43.55,42.8,-0.4,-1,1368999,626,59047205
2012-07-09,43.15,43.0,43.85,42.9,-0.15,-1,1828240,858,78974707
2012-07-10,43.45,42.2,43.45,41.65,-0.8,-1,1983571,973,84329965
2012-07-11,42.5,43.5,43.5,41.75,1.3,1,3004011,1211,128357274
2012-07-12,43.0,42.75,43.3,42.3,-0.75,-1,1570314,942,67218522
2012-07-13,43.0,42.7,43.3,42.2,-0.05,-1,1460314,827,62396691
2012-07-16,43.5,42.0,43.7,42.0,-0.7,-1,1120627,772,47980584
2012-07-17,42.4,42.9,42.9,41.65,0.9,1,1045221,584,44148186
2012-07-18,43.0,42.4,43.15,42.4,-0.5,-1,635525,393,27182588
2012-07-19,43.0,42.95,43.2,42.65,0.55,1,830450,387,35668010
2012-07-20,42.95,43.15,44.1,42.95,0.2,1,2296641,1221,100079563
2012-07-23,42.6,42.05,42.95,42.0,-1.1,-1,939202,601,39708444
2012-07-24,42.1,42.5,42.5,41.95,0.45,1,744227,471,31450899
2012-07-25,42.3,42.1,42.95,42.0,-0.4,-1,882238,549,37482959
2012-07-26,42.3,42.05,42.8,42.05,-0.05,-1,552830,314,23347649
2012-07-27,42.25,42.6,42.85,42.25,0.55,1,1090397,697,46473110
2012-07-30,43.4,43.05,43.4,42.9,0.45,1,2450024,1022,105528119
2012-07-31,41.75,42.45,42.5,41.35,0.0,0,3491618,1874,146983580
2012-08-01,42.35,43.4,43.95,42.1,0.95,1,2862520,1681,123437264
2012-08-03,43.4,45.65,46.0,43.4,2.25,1,7364021,3531,331124994
2012-08-06,48.8,48.8,48.8,48.8,3.15,1,791683,413,38634128
2012-08-07,52.2,52.2,52.2,52.2,3.4,1,477377,286,24919073
2012-08-08,55.4,55.1,55.4,55.1,2.9,1,30808068,8799,1701943140
2012-08-09,55.2,55.4,55.5,55.1,0.3,1,10313492,2194,570843157
2012-08-10,55.4,55.7,55.8,55.4,0.3,1,6075949,1731,337393847
2012-08-13,55.7,55.7,55.9,55.7,0.0,0,3169667,852,176725506
2012-08-14,55.7,55.9,56.0,55.7,0.2,1,3453178,934,192923988
2012-08-15,55.9,56.0,56.2,55.9,0.1,1,3620984,884,202763104
2012-08-16,56.1,56.0,56.2,56.0,0.0,0,2241320,634,125559520
2012-08-17,56.1,56.0,56.2,56.0,0.0,0,7337597,1409,411442132
2012-08-20,56.1,56.1,56.2,56.1,0.1,1,1581877,441,88750479
2012-08-21,56.1,56.2,56.3,56.1,0.1,1,2980206,723,167436439
2012-08-22,56.2,56.1,56.3,56.1,-0.1,-1,2471805,795,138743043
2012-08-23,56.1,56.1,56.2,56.1,0.0,0,2996199,785,168171254
2012-08-24,56.1,56.2,56.3,56.1,0.1,1,3872735,886,217439220
2012-08-27,56.2,56.2,56.3,56.2,0.0,0,1288985,533,72452241
2012-08-28,56.3,56.3,56.3,56.2,0.1,1,2035365,898,114429098
2012-08-29,56.3,56.3,56.5,56.2,0.0,0,1078244,390,60806120
2012-08-30,56.3,56.3,56.4,56.3,0.0,0,682949,131,38464221
2012-08-31,56.3,56.3,56.5,56.3,0.0,0,2073623,201,116765063
2012-09-03,56.3,56.3,56.4,56.3,0.0,0,2747204,421,154706372
2012-09-04,56.3,56.3,56.4,56.3,0.0,0,3337151,690,187884979
2012-09-05,56.3,56.4,56.4,56.3,0.1,1,882677,200,49709640
2012-09-06,56.4,56.3,56.4,56.2,-0.1,-1,1012468,399,56996694
2012-09-07,56.3,56.2,56.3,56.1,-0.1,-1,1511194,315,84930394
2012-09-10,56.3,56.3,56.4,56.3,0.1,1,735451,325,41406275
2012-09-11,56.5,56.6,56.7,56.5,0.3,1,6288774,713,355925173
2012-09-12,56.6,56.6,56.7,56.6,0.0,0,1116962,488,63223107
2012-09-13,56.6,56.7,56.7,56.6,0.1,1,927615,309,52509493
2012-09-14,56.6,56.6,56.7,56.6,-0.1,-1,2589471,438,146569142
2012-09-17,56.6,56.6,56.7,56.6,0.0,0,2225355,399,125958177
2012-09-18,56.6,56.7,56.8,56.6,0.1,1,1176857,372,66702686
2012-09-19,56.7,56.7,56.8,56.7,0.0,0,1068245,453,60571651
2012-09-20,56.7,56.7,56.8,56.6,0.0,0,3756279,465,212979884
2012-09-21,56.3,55.6,56.3,55.5,-1.1,-1,481989,343,26849563
2012-09-24,55.7,55.4,55.8,55.3,-0.2,-1,777667,301,43170764
2012-09-25,55.5,55.8,56.0,55.5,0.4,1,208352,120,11598798
2012-09-26,55.9,55.9,56.0,55.8,0.1,1,58660,57,3279290
2012-09-27,55.9,56.0,56.0,55.9,0.1,1,124718,54,6974591
2012-09-28,56.0,55.9,56.0,55.9,-0.1,-1,121390,54,6790893
2012-10-01,55.9,55.9,55.9,55.7,0.0,0,155012,64,8656167
2012-10-02,55.9,55.8,55.9,55.7,-0.1,-1,298246,72,16638623
2012-10-03,56.0,56.4,56.4,56.0,0.6,1,228864,83,12884942
2012-10-04,56.5,56.4,56.5,56.4,0.0,0,105688,76,5965034
2012-10-05,56.6,56.5,56.6,56.4,0.1,1,205498,87,11595086
2012-10-08,56.4,56.4,56.4,56.4,-0.1,-1,67737,39,3820366
2012-10-09,56.4,56.4,56.5,56.4,0.0,0,272103,156,15347086
2012-10-11,56.4,56.2,56.5,56.2,-0.2,-1,499063,328,28123422
2012-10-12,56.5,56.5,56.5,56.4,0.3,1,222725,166,12568805
2012-10-15,56.4,56.4,56.5,56.4,-0.1,-1,86994,73,4907051
2012-10-16,56.4,56.4,56.5,56.4,0.0,0,164207,81,9261568
2012-10-17,56.4,56.4,56.5,56.4,0.0,0,127568,99,7196724
2012-10-18,56.4,56.4,56.5,56.4,0.0,0,92943,64,5242381
2012-10-19,56.4,56.4,56.5,56.4,0.0,0,574974,508,32430629
2012-10-22,56.4,56.4,56.5,56.4,0.0,0,169810,138,9580879
2012-10-23,56.5,56.4,56.5,56.4,0.0,0,185782,101,10481501
2012-10-24,56.4,56.5,56.6,56.4,0.1,1,232331,146,13116862
2012-10-25,56.5,56.4,56.6,56.4,-0.1,-1,194648,146,10995909
2012-10-26,56.5,56.5,56.6,56.5,0.1,1,98554,75,5571895
2012-10-29,56.5,56.8,56.8,56.5,0.3,1,70231,58,3979950
2012-10-30,56.8,56.5,56.8,56.4,-0.3,-1,126696,69,7162121
2012-10-31,56.5,56.8,56.8,56.5,0.3,1,82595,53,4679615
2012-11-01,56.6,56.8,56.8,56.6,0.0,0,159540,62,9047908
2012-11-02,56.6,56.7,56.8,56.6,-0.1,-1,202136,198,11441264
2012-11-05,56.6,56.7,56.8,56.6,0.0,0,271024,199,15347244
2012-11-06,56.7,56.8,56.8,56.6,0.1,1,279998,145,15856563
2012-11-07,56.7,56.7,56.8,56.7,-0.1,-1,123459,64,6999567
2012-11-08,56.7,56.7,56.8,56.7,0.0,0,96515,79,5472887
2012-11-09,56.7,56.8,56.8,56.7,0.1,1,240135,73,13627550
2012-11-12,56.8,56.8,56.8,56.7,0.0,0,68584,38,3890010
2012-11-13,56.7,56.7,56.8,56.7,-0.1,-1,294015,255,16670745
2012-11-14,56.7,56.7,56.8,56.7,0.0,0,65744,32,3727981
2012-11-15,56.7,56.8,56.8,56.7,0.1,1,93757,61,5319115
2012-11-16,56.7,56.7,56.8,56.7,-0.1,-1,92962,46,5271245
2012-11-19,56.8,56.8,56.8,56.7,0.1,1,108419,53,6155655
2012-11-20,56.8,56.8,56.9,56.7,0.0,0,338963,79,19248996
2012-11-21,56.9,56.8,56.9,56.8,0.0,0,85748,48,4872005
