

2004年07月12日大盤統計資訊
"成交統計","成交金額(元)","成交股數(股)","成交筆數"
"1.一般股票","58728874629","2531776934","480546"
"2.台灣存託憑證","19555027","2277761","387"
"3.受益憑證","2326600","516000","26"
"4.ETF","151135590","3406000","531"
"5.受益證券","0","0","0"
"6.變更交易股票","22557489","13808986","1310"
"7.認購(售)權證","439096450","411551000","21761"
"8.轉換公司債","27322500","199000","18"
"9.附認股權特別股","0","0","0"
"10.附認股權公司債","0","0","0"
"11.認股權憑證","0","0","0"
"12.公司債","0","0","0"
"證券合計(1+6)","58751432118","2545585920","481856"
"總計(1~12)","59390868285","2963535681","504579"
"說明："
"1. 漲跌價差為當日收盤價與前一日收盤價比較。"
"2. 無比價含當日除權、除息、新上市、恢復交易者。"
2004年07月12日
"每日收盤行情("全部(不含權證、牛熊證)")","","","","","","","","","","(元,股)","(元,交易單位)"
"證券代號","證券名稱","成交股數","成交筆數","成交金額","開盤價","最高價","最低價","收盤價","漲跌(+/-)","漲跌價差","最後揭示買價","最後揭示買量","最後揭示賣價","最後揭示賣量","本益比"
="0001  ","鴻運            ","33000","4","212350","6.4","6.45","6.4","6.45","+","0.05","6.45","","6.65","","0.00"
="0015  ","富邦            ","13000","3","71500","5.5","5.5","5.5","5.5","-","0.05","5.5","","5.55","","0.00"
="0029  ","富邦店          ","470000","19","2042750","4.36","4.36","4.34","4.34","+","0.01","4.34","","4.37","","0.00"
="0050  ","元大台灣50      ","3406000","531","151135590","44.49","44.52","44.04","44.04","-","0.31","44.02","","44.1","","0.00"
"1101  ","台泥            ","13423618","2101","214860362","16","16.1","15.9","16","+","0.1","15.9","","16","","16"
"1101A ","台泥特          ","0","0","0","--","--","--","--"," ","0","28.5","","28.8","","0.00"
"1102  ","亞泥            ","5337125","720","105078318","19.7","19.9","19.5","19.6","+","0.1","19.6","","19.7","","9.47"
"1103  ","嘉泥            ","4105366","736","68791178","16.9","16.9","16.6","16.8","+","0.1","16.7","","16.8","","16.31"
"1104  ","環泥            ","1939380","388","24100454","12.3","12.5","12.3","12.4","+","0.15","12.4","","12.45","","7.47"
"1107  ","建台            ","23100264","2340","67200066","3.01","3.01","2.65","2.87","+","0.05","2.87","","2.9","","0.00"
"1108  ","幸福            ","1767000","378","17736600","10","10.15","9.9","10","+","0.05","9.95","","10","","8.55"
"1109  ","信大            ","121000","42","1161400","9.6","9.7","9.5","9.6"," ","0","9.55","","9.6","","18.46"
"1110  ","東泥            ","1557000","321","14206700","9.2","9.25","9.05","9.15"," ","0","9.1","","9.15","","10.76"
"1201  ","味全            ","4756128","903","61479911","12.8","13.1","12.6","12.9","+","0.45","12.85","","12.9","","47.78"
"1203  ","味王            ","713393","188","7719229","10.9","10.9","10.7","10.75","+","0.05","10.75","","10.8","","107.5"
"1204  ","津津            ","29045","22","116791","4.05","4.15","4","4.01","+","0.01","4","","4.15","","0.00"
"1207  ","嘉食化          ","816520","176","2064557","2.54","2.56","2.49","2.5","-","0.02","2.5","","2.52","","0.00"
"1210  ","大成            ","1568012","216","13398000","8.5","8.6","8.45","8.55","+","0.1","8.5","","8.55","","11.25"
"1212  ","中日            ","180000","12","194750","1.11","1.11","1.05","1.11"," ","0","1.06","","1.17","","0.00"
"1213  ","大飲            ","8001","6","96211","12.05","12.05","12","12","-","0.05","11.9","","12.2","","0.00"
"1215  ","卜蜂            ","2707000","410","20184650","7.4","7.7","7.3","7.5","+","0.2","7.5","","7.55","","15"
"1216  ","統一            ","20333209","2498","305897183","14.8","15.2","14.8","15.1","+","0.4","15.1","","15.2","","14.95"
"1217  ","愛之味          ","617015","189","4707759","7.5","7.75","7.45","7.6","+","0.1","7.55","","7.6","","17.67"
"1218  ","泰山            ","2906883","446","23104109","7.95","8","7.8","8","+","0.5","8","","--","","26.67"
"1219  ","福壽            ","717000","160","4665700","6.35","6.6","6.35","6.5","+","0.15","6.5","","6.55","","19.7"
"1220  ","台榮            ","221000","27","1165800","5.2","5.4","5.2","5.3","+","0.1","5.25","","5.3","","0.00"
"1225  ","福懋油          ","533015","124","3683841","6.75","7","6.75","6.85","+","0.1","6.85","","6.9","","27.4"
"1227  ","佳格            ","184870","65","1915457","10.35","10.45","10.3","10.3"," ","0","10.3","","10.4","","8.66"
"1229  ","聯華            ","1193000","308","13265150","11","11.3","10.9","10.9"," ","0","10.9","","11","","14.16"
"1231  ","聯華食          ","163001","57","1683710","10.25","10.5","10.25","10.4","+","0.15","10.3","","10.4","","12.38"
"1232  ","大統益          ","66000","30","1250900","18.9","19","18.9","18.9"," ","0","18.8","","18.9","","9.74"
"1233  ","天仁            ","23000","21","455800","19.7","20.1","19.5","20","+","0.4","19.8","","20","","12.42"
"1234  ","黑松            ","264167","78","2818309","10.6","10.75","10.6","10.65","+","0.05","10.6","","10.65","","21.73"
"1235  ","興泰            ","50000","19","928000","18.6","18.7","18.5","18.6","-","0.1","18.5","","18.6","","10.33"
"1236  ","宏亞            ","195717","74","3614192","18.6","18.6","18.4","18.4","-","0.1","18.4","","18.5","","7.7"
"1301  ","台塑            ","6924729","1195","334869562","48.5","48.6","48.2","48.4","+","0.1","48.4","","48.5","","11.44"
"1303  ","南亞            ","7669852","1939","350520889","45.5","45.9","45.4","45.6","+","0.1","45.6","","45.7","","14.29"
"1304  ","台聚            ","4596167","825","57956452","12.4","12.8","12.4","12.5","+","0.05","12.45","","12.5","","22.73"
"1305  ","華夏            ","2681044","652","32873758","12.15","12.4","12.15","12.2","+","0.05","12.2","","12.25","","26.52"
"1306  ","合發            ","66370","42","792730","12","12.1","11.85","12","+","0.1","11.95","","12","","37.5"
"1307  ","三芳            ","0","0","0","--","--","--","--"," ","0","22","","22.4","","16.42"
"1308  ","亞聚            ","1623224","487","29795453","18.5","18.5","18.1","18.2"," ","0","18.1","","18.2","","18.38"
"1309  ","台達化          ","13754402","2553","169808957","11.95","12.6","11.95","12.45","+","0.55","12.4","","12.45","","0.00"
"1310  ","台苯            ","13902392","3350","344453159","24.4","25","24.3","24.9","+","1.1","24.8","","24.9","","31.13"
"1311  ","福聚            ","3241467","749","94760230","29","29.4","28.9","29.3","+","0.6","29.2","","29.3","","9.83"
"1312  ","國喬            ","5101825","1078","64408990","12.5","12.8","12.45","12.55","+","0.25","12.5","","12.55","","0.00"
"1312A ","國喬特          ","15000","3","173500","11.55","11.6","11.55","11.55","+","0.05","11.5","","11.65","","0.00"
"1313  ","聯成            ","7813559","1539","94768777","11.9","12.25","11.9","12","+","0.15","12","","12.05","","18.46"
"1314  ","中石化          ","20633669","2562","113293427","5.3","5.6","5.3","5.55","+","0.3","5.5","","5.55","","10.88"
"1315  ","達新            ","135039","36","1289366","9.45","9.6","9.45","9.55","+","0.1","9.5","","9.55","","13.08"
"1316  ","上曜            ","292817","77","1097531","3.72","3.79","3.72","3.74","+","0.07","3.74","","3.76","","0.00"
"1319  ","東陽            ","81000","47","4271500","53.5","53.5","52.5","52.5"," ","0","52.5","","53","","16.46"
"1321  ","大洋            ","205000","91","3511300","16.9","17.3","16.9","17","+","0.1","17","","17.2","","4.52"
"1323  ","永裕            ","10161","7","110436","10.9","10.9","10.8","10.9","+","0.05","10.8","","10.85","","9.82"
"1324  ","地球            ","20000","12","217650","10.85","10.95","10.85","10.85","-","0.1","10.85","","10.95","","12.62"
"1325  ","恆大            ","57000","24","451900","7.9","8.05","7.85","7.95"," ","0","7.95","","8","","29.44"
"1326  ","台化            ","7532453","1428","371431511","49.3","49.5","49.2","49.4","+","0.1","49.4","","49.5","","11.08"
"1402  ","遠東新          ","5588066","1208","108771661","19.4","19.6","19.2","19.5","+","0.2","19.5","","19.6","","12.58"
"1408  ","中紡            ","594108","83","670652","1.06","1.17","1.06","1.12"," ","0","1.12","","1.13","","0.00"
"1409  ","新纖            ","7062605","763","49021884","6.9","7.05","6.85","6.95","+","0.1","6.95","","7","","19.31"
"1410  ","南染            ","103000","23","700250","6.8","6.9","6.7","6.8","+","0.05","6.8","","6.9","","85"
"1413  ","宏洲            ","210000","53","813650","3.87","3.9","3.83","3.86","+","0.01","3.86","","3.87","","0.00"
"1414  ","東和            ","167000","50","1070350","6.55","6.55","6.35","6.4"," ","0","6.4","","6.45","","0.00"
"1416  ","廣豐            ","2255068","398","9369007","4.12","4.2","4.12","4.15","+","0.07","4.14","","4.15","","0.00"
"1417  ","嘉裕            ","3021395","377","18515725","6.05","6.3","6","6.2","+","0.2","6.15","","6.2","","0.00"
"1418  ","東華            ","336000","76","1645530","4.86","4.96","4.85","4.89","+","0.03","4.89","","4.9","","0.00"
"1419  ","新紡            ","436000","127","5861250","13.3","13.55","13.25","13.5","+","0.2","13.45","","13.5","","22.88"
"1423  ","利華            ","785000","152","4663250","5.8","6","5.8","6","+","0.25","5.9","","6","","0.00"
"1432  ","大魯閣          ","0","0","0","--","--","--","--"," ","0","6.6","","6.7","","0.00"
"1434  ","福懋            ","1082682","262","15693531","14.5","14.55","14.4","14.5","+","0.1","14.45","","14.5","","13.94"
"1435  ","中福            ","189000","39","1466250","7.9","7.9","7.6","7.75","+","0.05","7.7","","7.75","","43.06"
"1436  ","華友聯          ","210000","66","1432550","6.65","7","6.65","6.85","+","0.2","6.85","","6.9","","0.00"
"1437  ","勤益控          ","865999","250","12148764","13.3","14.2","13.3","14.15","+","0.85","14.05","","14.15","","0.00"
"1438  ","裕豐            ","5000","1","8800","1.76","1.76","1.76","1.76","X","0","--","","--","","0.00"
"1439  ","中和            ","53581","29","491457","9.1","9.25","9.05","9.2","+","0.1","9.1","","9.2","","57.5"
"1440  ","南紡            ","4083885","647","37103422","8.95","9.15","8.95","9.05","+","0.1","9.05","","9.1","","9.95"
"1441  ","大東            ","1451000","190","4914970","3.47","3.47","3.32","3.32","-","0.12","3.32","","3.35","","0.00"
"1442  ","名軒            ","1603000","200","12423800","7.5","7.85","7.4","7.8","+","0.45","7.8","","7.85","","0.00"
"1443  ","立益            ","390999","42","1287796","3.29","3.34","3.27","3.3","+","0.03","3.3","","3.32","","0.00"
"1444  ","力麗            ","4056974","496","22648946","5.5","5.65","5.5","5.6","+","0.15","5.55","","5.6","","0.00"
"1445  ","大宇            ","164000","36","863100","5.15","5.3","5.15","5.3","+","0.05","5.25","","5.3","","0.00"
"1446  ","宏和            ","1071000","106","5836950","5.45","5.55","5.35","5.45","+","0.05","5.45","","5.5","","16.03"
"1447  ","力鵬            ","3252268","476","19950972","5.95","6.3","5.95","6.2","+","0.3","6.2","","6.25","","0.00"
"1449  ","佳和            ","1015100","163","3547228","3.5","3.53","3.45","3.51","+","0.01","3.5","","3.51","","0.00"
"1450  ","新藝            ","145000","8","110380","0.74","0.8","0.74","0.8","+","0.02","0.76","","0.8","","0.00"
"1451  ","年興            ","115760","55","3214845","27.7","27.9","27.6","27.7"," ","0","27.6","","27.8","","8.6"
"1452  ","宏益            ","978000","140","6310450","6.3","6.55","6.3","6.5","+","0.2","6.5","","6.55","","15.12"
"1453  ","大將            ","75194","22","488052","6.55","6.6","6.35","6.4","-","0.1","6.4","","6.45","","21.33"
"1454  ","台富            ","428891","90","2674643","6.15","6.3","6.15","6.25","+","0.1","6.25","","6.3","","11.79"
"1455  ","集盛            ","535560","114","4859240","8.95","9.15","8.95","9.1","+","0.05","9.05","","9.1","","12.3"
"1456  ","怡華            ","3000","3","9260","3.1","3.1","3.07","3.07","-","0.03","3.07","","3.19","","0.00"
"1457  ","宜進            ","2075005","244","11402575","5.4","5.55","5.4","5.55","+","0.15","5.5","","5.55","","0.00"
"1459  ","聯發            ","1356366","169","12021034","8.8","8.9","8.8","8.85","+","0.1","8.85","","8.9","","21.07"
"1460  ","宏遠            ","1000000","186","8515700","8.45","8.6","8.4","8.45","+","0.05","8.45","","8.5","","0.00"
"1462  ","東雲            ","5686995","149","2896417","0.5","0.55","0.5","0.54","+","0.01","0.53","","0.54","","0.00"
"1463  ","強盛            ","781478","175","5515168","7","7.15","6.95","7","+","0.15","7","","7.05","","0.00"
"1464  ","得力            ","1156028","206","7482524","6.5","6.6","6.4","6.4","+","0.05","6.4","","6.45","","7.11"
"1465  ","偉全            ","32000","13","282350","8.8","8.9","8.8","8.9","+","0.1","8.85","","8.9","","26.97"
"1466  ","聚隆            ","200887","54","1148487","5.65","5.95","5.55","5.95","+","0.35","5.5","","5.95","","0.00"
"1467  ","南緯            ","137001","32","1578011","11.7","11.7","11.4","11.45","-","0.2","11.45","","11.55","","8.24"
"1468  ","昶和            ","224000","38","3012150","13.6","13.6","13.3","13.3","-","0.15","13.3","","13.45","","0.00"
"1469  ","理隆            ","7818","8","98895","12.5","12.8","12.5","12.8","+","0.45","12.35","","13.1","","44.14"
"1470  ","大統染          ","6000","5","30650","5.1","5.15","5.1","5.15","-","0.05","5.15","","5.2","","0.00"
"1471  ","首利            ","121000","52","2657400","22.2","22.4","21.8","22.4","+","0.2","21.9","","22.5","","112"
"1472  ","三洋紡          ","37032","10","293948","7.9","8","7.9","7.9"," ","0","7.9","","8","","158"
"1473  ","台南            ","112250","35","4818944","43","43","42.8","42.9","+","0.1","42.8","","42.9","","14.74"
"1474  ","弘裕            ","702000","57","8916800","12.7","12.75","12.65","12.7"," ","0","12.65","","12.7","","9.41"
"1475  ","本盟            ","0","0","0","--","--","--","--"," ","0","23.2","","24.9","","0.00"
"1476  ","儒鴻            ","189000","46","3092100","16.3","16.7","16.2","16.5","+","0.3","16.4","","16.6","","10.44"
"1477  ","聚陽            ","152504","46","9011331","58.5","59.5","58.5","58.5"," ","0","58.5","","59","","11.68"
"1503  ","士電            ","415616","136","8225009","19.6","20","19.6","19.9","+","0.3","19.9","","20","","22.87"
"1504  ","東元            ","5945097","917","62264045","10.4","10.55","10.4","10.45","+","0.1","10.4","","10.45","","30.74"
"1506  ","正道            ","25012","13","163326","6.45","6.6","6.45","6.5","+","0.05","6.5","","6.55","","0.00"
"1507  ","永大            ","346381","150","5980139","17","17.5","17","17.2","+","0.2","17.2","","17.3","","12.2"
"1512  ","瑞利            ","815514","181","7302348","8.9","9.05","8.85","9","+","0.1","9","","9.05","","17.65"
"1513  ","中興電          ","1269999","288","15351866","12.1","12.15","12","12","-","0.1","12","","12.05","","8"
"1514  ","亞力            ","202000","39","1243600","6.2","6.2","6.1","6.1","-","0.05","6.1","","6.2","","0.00"
"1515  ","力山            ","911000","206","9908100","10.7","11.05","10.7","11.05","+","0.35","10.95","","11.05","","27.63"
"1516  ","川飛            ","483000","115","3088500","6.35","6.5","6.3","6.4","+","0.15","6.35","","6.4","","0.00"
"1517  ","利奇            ","2285500","452","26965470","11.7","11.9","11.65","11.8","+","0.1","11.75","","11.8","","13.11"
"1519  ","華城            ","195002","75","1858468","9.55","9.65","9.4","9.65","+","0.2","9.6","","9.65","","30.16"
"1520  ","復盛            ","280946","123","15176790","54.5","54.5","53.5","53.5","-","1","53.5","","54","","9.57"
"1521  ","大億            ","12000","8","502200","41.8","42","41.8","42","+","0.4","41.8","","41.9","","12.21"
"1522  ","堤維西          ","686387","281","23900440","34.7","35.8","34.5","35.5","+","1.1","35.3","","35.5","","14.14"
"1523  ","開億            ","30021","22","891520","29.7","29.9","29.6","29.8","+","0.1","29.8","","29.9","","7.01"
"1524  ","耿鼎            ","159397","58","2728873","17","17.2","17","17.1","+","0.2","17.1","","17.2","","27.14"
"1525  ","江申            ","43000","26","1350600","30.8","31.6","30.8","31.5","+","0.7","31.3","","31.5","","8.85"
"1526  ","日馳            ","123598","37","974219","7.85","8","7.8","7.85"," ","0","7.85","","7.95","","0.00"
"1527  ","鑽全            ","316330","101","21685637","68.5","69","67.5","67.5","-","1","67.5","","68.5","","11.78"
"1528  ","恩德            ","175000","47","1448550","8.25","8.35","8.15","8.3","+","0.05","8.3","","8.35","","15.09"
"1529  ","樂士            ","899000","223","7307800","8","8.3","8","8","+","0.2","8","","8.05","","0.00"
"1530  ","亞崴            ","67020","27","2812637","42.1","42.1","41.9","42","-","0.1","42","","42.1","","10.17"
"1531  ","高林股          ","105010","56","4681645","44.8","45","44.3","44.4","-","0.4","44.4","","44.8","","10.78"
"1532  ","勤美            ","1868994","789","72452484","38","39.2","37.8","39","+","1.4","38.9","","39","","10.34"
"1533  ","車王電          ","29340","21","805033","27.2","27.9","27.2","27.5","+","0.2","27.5","","27.6","","15.54"
"1534  ","新企            ","436000","101","3063250","7","7.2","6.85","7.1","+","0.3","7.05","","7.1","","0.00"
"1535  ","中宇            ","19000","6","172900","9.1","9.1","9.1","9.1"," ","0","9.05","","9.3","","18.96"
"1536  ","和大            ","140268","52","2727026","19.6","19.6","19.1","19.3","-","0.3","19.3","","19.5","","16.78"
"1537  ","廣隆            ","13772","12","313507","22.8","22.8","22.7","22.8"," ","0","22.8","","22.9","","14.43"
"1538  ","正峰新          ","677000","278","38565000","57","58","55.5","58","+","1","57.5","","58","","17.01"
"1539  ","巨庭            ","60000","23","808700","13.4","13.7","13.4","13.5","+","0.1","13.45","","13.5","","19.29"
"1540  ","喬福            ","76000","40","1291800","17.2","17.2","16.8","17","+","0.3","16.8","","17.1","","15.6"
"1541  ","錩泰            ","7000","6","115400","16.4","16.5","16.4","16.5"," ","0","16.2","","16.5","","11.96"
"1601  ","台光            ","1656000","397","23879500","14.7","14.8","14.3","14.4","-","0.25","14.4","","14.5","","12.97"
"1603  ","華電            ","319000","71","1984700","6.2","6.25","6.15","6.25","+","0.05","6.25","","6.3","","13.3"
"1604  ","聲寶            ","7868060","1221","77917132","9.9","10","9.8","9.85","+","0.05","9.85","","9.9","","15.39"
"1605  ","華新            ","32406327","4131","486870218","14.65","15.3","14.55","14.95","+","0.45","14.95","","15","","6.5"
"16051 ","華新一          ","0","0","0","--","--","--","--"," ","0","--","","--","","0.00"
"1605Y ","華新辛          ","0","0","0","--","--","--","--"," ","0","--","","--","","0.00"
"1606  ","歌林            ","12227418","1778","113983867","9.25","9.45","9.2","9.2"," ","0","9.2","","9.25","","0.00"
"1608  ","華榮            ","14360079","1486","130476297","9","9.15","8.9","9.1","+","0.15","9.1","","9.15","","18.2"
"1609  ","大亞            ","2837438","567","33354597","11.6","11.9","11.55","11.85","+","0.3","11.8","","11.85","","12.74"
"1611  ","中電            ","408001","116","4592261","11.35","11.35","11.15","11.25","+","0.1","11.25","","11.3","","6.82"
"1612  ","宏泰            ","2976000","432","30656450","10.3","10.35","10.2","10.3","+","0.05","10.25","","10.3","","13.73"
"1613  ","台一            ","31000","8","56780","1.83","1.92","1.82","1.92","-","0.01","1.85","","1.93","","0.00"
"1614  ","三洋電          ","248000","82","4325500","17.4","17.6","17.3","17.4","+","0.1","17.4","","17.5","","9.67"
"1615  ","大山            ","27000","16","372850","13.85","13.9","13.6","13.85","+","0.2","13.65","","13.8","","0.00"
"1616  ","億泰            ","1708000","209","20968050","12.25","12.35","12.2","12.2"," ","0","12.15","","12.2","","110.91"
"1617  ","榮星            ","67001","31","857462","12.8","12.8","12.75","12.8"," ","0","12.8","","12.85","","29.09"
"1618  ","合機            ","1080001","470","22732520","20.9","21.5","20.8","21","+","0.4","21","","21.1","","9.91"
"1618S ","合機乙          ","0","0","0","--","--","--","--"," ","0","--","","--","","0.00"
"1701  ","中化            ","3227593","633","39370531","12.05","12.4","12.05","12.3","+","0.55","12.25","","12.3","","8.72"
"1702  ","南僑            ","407112","109","2753701","6.7","6.85","6.7","6.75","+","0.05","6.75","","6.8","","10.71"
"1704  ","榮化            ","638271","119","7744316","12.1","12.2","12.05","12.2","+","0.1","12.15","","12.2","","14.52"
"1707  ","葡萄王          ","149002","41","1228415","8.2","8.3","8.15","8.25","+","0.05","8.25","","8.3","","34.38"
"1708  ","東鹼            ","55001","21","405457","7.35","7.45","7.35","7.4"," ","0","7.4","","7.45","","11.21"
"1709  ","和益            ","40001","11","510012","12.75","12.75","12.75","12.75"," ","0","12.8","","12.9","","21.98"
"1710  ","東聯            ","10084121","2483","328799226","31.7","33.1","31.7","32.5","+","1","32.5","","32.6","","10.62"
"1711  ","永光            ","668000","136","7561050","11.45","11.45","11.25","11.3","-","0.15","11.3","","11.35","","13.14"
"1712  ","興農            ","2348107","347","18598635","7.85","8","7.8","7.9","+","0.1","7.9","","7.95","","6.81"
"1713  ","國化            ","548000","98","5123150","9.35","9.4","9.3","9.35","+","0.1","9.35","","9.4","","20.78"
"1714  ","和桐            ","296290","118","3412653","11.5","11.6","11.4","11.4","-","0.1","11.4","","11.5","","8.98"
"17141 ","和桐一          ","0","0","0","--","--","--","--"," ","0","--","","100.5","","0.00"
"17142 ","和桐二          ","0","0","0","--","--","--","--"," ","0","--","","--","","0.00"
"1714R ","和桐甲          ","0","0","0","--","--","--","--"," ","0","--","","--","","0.00"
"1715  ","萬洲            ","258709","71","2052074","7.95","7.95","7.85","7.95"," ","0","7.9","","7.95","","25.65"
"1716  ","永信            ","98308","43","2444525","24.7","25","24.7","25","+","0.1","24.9","","25","","11.9"
"1717  ","長興            ","1197991","335","21661049","17.8","18.3","17.8","18","+","0.3","18","","18.1","","10.65"
"1718  ","中纖            ","22267395","3834","403395333","17.8","18.4","17.8","17.9","+","0.3","17.9","","18","","7.52"
"1720  ","生達            ","85000","22","1452400","17","17.1","17","17.1"," ","0","17","","17.1","","10.75"
"1721  ","三晃            ","83000","33","596450","7.3","7.3","7.15","7.2","-","0.15","7.15","","7.2","","0.00"
"1722  ","台肥            ","7802800","1711","211159146","27.1","27.3","26.9","27","+","0.2","27","","27.1","","28.42"
"1723  ","中碳            ","843120","240","36289821","43","43.5","42.7","42.7","-","0.2","42.7","","42.8","","9.62"
"1724  ","台硝            ","173003","45","1582927","9.15","9.2","9.1","9.15"," ","0","9.1","","9.15","","17.94"
"1725  ","元禎            ","13000","12","272400","20.8","21","20.8","21","+","0.2","20.8","","21.1","","11.17"
"1726  ","永記            ","40005","23","1596898","39.9","40","39.7","40","+","0.2","39.9","","40","","11.7"
"1727  ","中華化          ","31000","9","371900","12","12.1","11.9","11.9","+","0.05","11.9","","11.95","","17.25"
"1729  ","必翔            ","39874","30","2932349","73.5","74","73.5","73.5","-","0.5","73.5","","74","","16.23"
"1730  ","花仙子          ","126000","52","1274900","10.1","10.25","9.95","10.2","+","0.2","10.1","","10.15","","13.78"
"1731  ","美吾華          ","320000","79","4048950","12.6","12.7","12.6","12.7","+","0.15","12.65","","12.7","","18.14"
"1732  ","毛寶            ","125159","55","1106527","8.45","8.95","8.45","8.95","+","0.55","8.95","","--","","0.00"
"1733  ","五鼎            ","222000","102","7605000","34.2","34.5","34.1","34.1","+","0.1","34","","34.1","","9.77"
"1734  ","杏輝            ","129000","41","2068500","16.2","16.3","16","16.1","-","0.1","16","","16.1","","15.19"
"1735  ","日勝化          ","98000","47","2143600","21.7","22","21.7","22","+","0.4","21.8","","22","","9.57"
"1736  ","喬山            ","119050","53","8594630","73","73","71.5","72","-","1","71.5","","72","","10.4"
"1737  ","臺鹽            ","2022000","786","78459100","38.9","39.2","38.4","38.6","-","0.3","38.6","","38.7","","44.88"
"1802  ","台玻            ","1254095","356","33491991","26.2","27","26.2","26.5","+","0.3","26.5","","26.6","","20.38"
"1805  ","寶徠            ","23000","4","25870","1.07","1.13","1.07","1.13"," ","0","1.07","","1.13","","0.00"
"1806  ","冠軍            ","5064139","804","47673030","9.05","9.5","8.9","9.35","+","0.45","9.3","","9.35","","38.96"
"1807  ","羅馬            ","2480594","396","21577839","8.3","8.75","8.3","8.75","+","0.55","8.75","","--","","0.00"
"1808  ","潤隆            ","18000","7","92150","5.05","5.45","5","5.45","+","0.35","--","","5.45","","0.00"
"1809  ","中釉            ","1063000","262","8759600","8","8.35","8","8.25","+","0.3","8.25","","8.3","","23.57"
"1810  ","和成            ","3091000","670","31606400","9.85","10.4","9.85","10.15","+","0.3","10.15","","10.2","","44.13"
"1902  ","台紙            ","639393","108","6207171","9.75","9.8","9.65","9.7","+","0.05","9.7","","9.75","","15.65"
"1903  ","士紙            ","75000","39","1680800","22.3","22.5","22.2","22.5","+","0.2","22.5","","22.6","","0.00"
"1904  ","正隆            ","4130694","731","48617152","11.75","11.85","11.7","11.7"," ","0","11.7","","11.75","","8.48"
"1905  ","華紙            ","2593970","585","42437722","16.3","16.5","16.2","16.3","+","0.1","16.3","","16.4","","16.8"
"1906  ","寶隆            ","519000","125","3485300","6.8","6.8","6.6","6.7","-","0.15","6.7","","6.75","","83.75"
"1907  ","永豐餘          ","2810000","621","50542500","17.9","18.1","17.9","18","+","0.1","17.9","","18","","14.4"
"1909  ","榮成            ","4738308","686","50855327","10.95","10.95","10.6","10.6","-","0.1","10.6","","10.65","","13.09"
"2002  ","中鋼            ","52229614","8180","1741775249","33.1","33.6","33.1","33.4","+","0.5","33.4","","33.5","","8.37"
"2002A ","中鋼特          ","170000","32","5698300","33.5","33.8","33.2","33.7","+","0.3","33.6","","33.7","","0.00"
"2006  ","東和鋼鐵        ","90983008","14045","2549797038","27.5","28.6","27.5","28.6","+","1.6","28.5","","28.6","","21.03"
"2007  ","燁興            ","26625030","3063","237175900","8.5","8.95","8.5","8.95","+","0.55","8.95","","--","","8.14"
"2008  ","高興昌          ","1473137","342","15833755","10.5","10.85","10.5","10.65","+","0.25","10.65","","10.7","","15.9"
"2009  ","第一銅          ","6259685","1248","76132485","12","12.3","12","12.15","+","0.25","12.15","","12.2","","17.36"
"2010  ","春源            ","2722020","634","52444569","19.3","19.4","19.1","19.3","+","0.3","19.2","","19.3","","8.85"
"2012  ","春雨            ","18585051","3017","279836787","14.8","15.3","14.8","14.9","+","0.35","14.9","","14.95","","31.7"
"2013  ","中鋼構          ","1772097","584","30238115","16.6","17.4","16.6","17.3","+","0.8","17.2","","17.3","","32.04"
"2014  ","中鴻            ","28408440","3793","432032876","14.95","15.4","14.95","15.2","+","0.4","15.1","","15.2","","11.26"
"2015  ","豐興            ","21994500","4264","780844575","35.3","35.9","35.1","35.7","+","1.2","35.7","","35.8","","11.98"
"2017  ","官田鋼          ","7198000","1103","69388648","9.45","9.75","9.45","9.55","+","0.25","9.55","","9.6","","10.73"
"2020  ","美亞            ","3243000","403","94380848","29.1","29.4","29","29"," ","0","28.9","","29","","11.93"
"2022  ","聚亨            ","24016923","3233","277306773","11.5","11.65","11.4","11.45","+","0.15","11.45","","11.5","","9.46"
"2023  ","燁輝            ","38972186","6549","912571209","23","23.7","23","23.5","+","0.7","23.5","","23.6","","10.13"
"2024  ","志聯            ","2558002","507","17920463","6.9","7.1","6.8","7.1","+","0.35","7.05","","7.1","","0.00"
"2025  ","千興            ","11110907","2194","176023494","15.6","16","15.6","15.8","+","0.4","15.7","","15.8","","8.98"
"2027  ","大成鋼          ","23754948","5158","618195024","25.8","26.4","25.7","25.9","+","0.5","25.9","","26","","13.08"
"2028  ","威致            ","6797356","1036","59491401","8.55","8.9","8.5","8.9","+","0.55","8.9","","--","","15.08"
"2029  ","盛餘            ","1542015","497","56250125","35.8","36.7","35.8","36.4","+","0.6","36.3","","36.4","","9.38"
"2030  ","彰源            ","5327031","1535","134140164","25","25.5","24.9","25","+","0.2","25","","25.1","","11.52"
"2031  ","新光鋼          ","6473701","2060","326618042","49.7","51","49.6","50","+","0.9","50","","50.5","","10.44"
"2032  ","新鋼            ","1854280","594","45130430","24.1","24.6","24","24","+","0.2","24","","24.1","","12.24"
"2033  ","佳大            ","724019","245","9059780","12.35","12.65","12.35","12.45","+","0.2","12.45","","12.5","","42.93"
"2034  ","允強            ","6859797","1813","236458391","34.5","34.8","34.1","34.1","+","0.1","34.1","","34.2","","14.45"
"2101  ","南港            ","380000","181","13402819","35","35.5","35","35.1","+","0.1","35.1","","35.3","","43.33"
"2102  ","泰豐            ","1672633","591","37089264","21.9","22.4","21.8","22.2","+","0.5","22.1","","22.2","","5.86"
"2103  ","台橡            ","12644000","1687","178080150","14.1","14.2","14","14.1","+","0.2","14.05","","14.1","","11.19"
"2104  ","中橡            ","5371440","936","56165809","10.35","10.6","10.35","10.35","+","0.1","10.3","","10.35","","0.00"
"2105  ","正新            ","2784556","804","125675824","44.6","45.6","44.6","45.3","+","0.9","45.2","","45.3","","15.62"
"2106  ","建大            ","759621","325","17642446","23","23.5","22.8","23.1","+","0.2","23.1","","23.2","","11.55"
"2107  ","厚生            ","24244001","3844","347576149","13.95","14.55","13.95","14.15","+","0.3","14.15","","14.2","","41.62"
"2108  ","南帝            ","319009","79","3378932","10.65","10.65","10.55","10.6","+","0.1","10.55","","10.6","","17.1"
"2109  ","華豐            ","240029","94","2917246","12.1","12.25","12.1","12.1","+","0.05","12.1","","12.15","","16.35"
"2201  ","裕隆            ","3409897","1164","126383805","37","37.3","36.8","36.9"," ","0","36.9","","37","","6.91"
"2204  ","中華            ","1729479","546","79123073","45.9","45.9","45.4","45.4","-","0.5","45.4","","45.7","","8.19"
"2204U ","中華丁          ","0","0","0","--","--","--","--"," ","0","--","","--","","0.00"
"2206  ","三陽工業        ","4934000","1076","59241800","11.8","12.2","11.8","12.1","+","0.35","12.05","","12.1","","14.94"
"2207  ","和泰車          ","195962","86","9578611","49","49.2","48.7","48.7","+","0.1","48.7","","48.8","","9.9"
"2301  ","光寶科          ","2239740","748","77277618","34.8","34.8","34.2","34.4","-","0.1","34.3","","34.4","","9.75"
"2302  ","麗正            ","2645643","428","17775672","6.8","6.85","6.6","6.6","-","0.05","6.55","","6.65","","0.00"
"2303  ","聯電            ","128094000","19634","3073983500","24.6","24.6","23.7","23.8","-","0.5","23.7","","23.8","","18.74"
"2305  ","全友            ","754840","162","5384843","7.1","7.15","7.05","7.15","+","0.45","7.15","","--","","0.00"
"23051 ","全友一          ","0","0","0","--","--","--","--"," ","0","--","","--","","0.00"
"2308  ","台達電          ","1120539","399","45935711","40.6","41.3","40.6","41.3","+","0.7","41","","41.3","","10.93"
"2311  ","日月光          ","9590265","2668","253739168","26.9","26.9","26","26","-","0.6","26","","26.1","","19.7"
"2312  ","金寶            ","1488949","377","22336933","15.1","15.1","14.9","15"," ","0","15","","15.1","","7.98"
"2313  ","華通            ","8083517","1443","92059066","11.7","11.7","11.25","11.35","-","0.25","11.35","","11.4","","0.00"
"2314  ","台揚            ","1899909","473","25140845","13.5","13.55","13","13.35","-","0.1","13.25","","13.35","","34.23"
"2315  ","神達            ","1536414","345","21665795","14.15","14.2","14","14.05","-","0.1","14.05","","14.1","","11.24"
"2316  ","楠梓電          ","4773295","862","78470019","16.6","16.7","16.2","16.2","-","0.2","16.2","","16.3","","9.53"
"2317  ","鴻海            ","4044025","1565","485812054","120","121.5","119","119"," ","0","119","","119.5","","13.81"
"2318  ","佳錄            ","55000","13","66550","1.21","1.21","1.21","1.21","+","0.07","1.21","","--","","0.00"
"2319  ","大眾            ","2247200","481","9920191","4.48","4.49","4.35","4.37","+","0.07","4.37","","4.38","","0.00"
"2321  ","東訊            ","2884172","687","39419396","13.8","13.8","13.5","13.6","-","0.2","13.6","","13.65","","24.29"
"2323  ","中環            ","8071650","1604","142955005","17.9","18","17.6","17.6","-","0.2","17.6","","17.7","","6.18"
"2324  ","仁寶            ","8480792","1822","296489864","35.2","35.4","34.7","34.8","-","0.3","34.8","","34.9","","10.67"
"2325  ","矽品            ","9412242","1654","237027320","25.7","25.7","24.8","24.9","-","0.5","24.9","","25","","10.33"
"2326  ","亞瑟            ","872202","185","5780874","6.6","6.65","6.45","6.65","+","0.4","6.65","","--","","0.00"
"2327  ","國巨            ","14501255","2400","227669753","15.9","15.9","15.5","15.5","-","0.3","15.5","","15.6","","129.17"
"2328  ","廣宇            ","576755","138","10497116","18.5","18.5","18","18","-","0.4","18","","18.2","","19.15"
"2329  ","華泰            ","2884180","370","6719060","2.3","2.4","2.3","2.33","-","0.14","2.33","","2.35","","0.00"
"2330  ","台積電          ","42606846","10347","1926266756","46","46","44.5","44.8","-","1.2","44.7","","44.8","","16.97"
"2331  ","精英            ","3489604","970","55056611","16","16.2","15.5","15.5","-","0.4","15.5","","15.6","","29.25"
"2332  ","友訊            ","3975000","1342","146464800","36.8","37.3","36.5","36.9","X","0","36.9","","37","","8.66"
"23322 ","友訊二          ","130000","4","18525000","142.5","142.5","142.5","142.5"," ","0","141","","143","","0.00"
"2332X ","友訊庚          ","57000","17","2093600","36.8","36.8","36.7","36.7","X","0","33.1","","36.8","","0.00"
"2333  ","碧悠            ","3344253","831","33361339","10.05","10.15","9.8","9.8","-","0.15","9.8","","9.85","","0.00"
"2335  ","清三            ","145000","43","622120","4.3","4.4","4.22","4.22","-","0.07","4.22","","4.29","","0.00"
"2336  ","致伸            ","4496547","677","44035231","9.75","9.95","9.65","9.7","-","0.1","9.7","","9.75","","13.47"
"2337  ","旺宏            ","37885684","5798","408646421","10.85","10.9","10.6","10.8","+","0.25","10.8","","10.85","","0.00"
"2338  ","光罩            ","4650000","781","79132900","17","17.1","16.9","17","+","0.1","16.9","","17","","10.06"
"2340  ","光磊            ","4356250","646","35380385","8.25","8.3","8","8.2"," ","0","8.15","","8.2","","0.00"
"2341  ","英群            ","1341000","270","13985800","10.65","10.65","10.3","10.35","-","0.2","10.35","","10.4","","0.00"
"2342  ","茂矽            ","1691451","398","7711966","4.51","4.64","4.41","4.59","-","0.07","4.58","","4.59","","0.00"
"23421 ","茂矽一          ","0","0","0","--","--","--","--"," ","0","--","","--","","0.00"
"2343  ","精業            ","2465033","578","34846074","14.2","14.3","14","14.05","-","0.1","14.05","","14.15","","27.55"
"23432 ","精業二          ","0","0","0","--","--","--","--"," ","0","126.5","","--","","0.00"
"2344  ","華邦電          ","13058217","2262","197474396","15.3","15.3","14.95","15.1"," ","0","15","","15.1","","151"
"23442 ","華邦二          ","0","0","0","--","--","--","--"," ","0","--","","--","","0.00"
"2345  ","智邦            ","4146252","1162","73170637","17.7","17.8","17.5","17.7","+","0.1","17.7","","17.8","","0.00"
"2347  ","聯強            ","2283156","807","116091468","51.5","52.5","49.9","51","-","0.5","50.5","","51","","14.61"
"2348  ","海悅            ","630227","175","5346945","8.6","8.6","8.35","8.5","+","0.3","8.45","","8.5","","0.00"
"2349  ","錸德            ","6323303","1156","94980001","15.2","15.2","14.9","14.9","-","0.2","14.9","","14.95","","11.29"
"2350  ","環電            ","5640271","1005","75639225","13.7","13.7","13.2","13.2","-","0.3","13.2","","13.3","","12.34"
"2351  ","順德            ","342000","72","5702700","16.7","16.8","16.5","16.6"," ","0","16.6","","16.7","","18.04"
"2352  ","佳世達          ","9336853","2423","348666938","38","38.1","37","37.1","-","0.7","37.1","","37.2","","9.44"
"2352X ","明基庚          ","0","0","0","--","--","--","--"," ","0","--","","--","","0.00"
"2352Y ","明基辛          ","0","0","0","--","--","--","--"," ","0","--","","35.4","","0.00"
"2353  ","宏碁            ","2942599","1289","130964953","44.2","44.7","44.2","44.5","+","0.4","44.5","","44.6","","11.38"
"2354  ","鴻準            ","106113","33","6190463","59","59","57.5","58","+","0.5","57.5","","58","","33.33"
"2355  ","敬鵬            ","354853","136","7468383","21.4","21.4","20.9","20.9","-","0.1","20.8","","21","","9.72"
"2356  ","英業達          ","6175231","1145","116259555","19.2","19.2","18.6","18.6","-","0.4","18.6","","18.7","","9.3"
"2357  ","華碩            ","3236671","1076","245247764","75.5","76.5","75","76","-","0.5","75.5","","76","","13.82"
"2358  ","廷鑫            ","55657","24","1021444","18.5","18.9","18.2","18.9","-","0.6","18.8","","18.9","","33.75"
"2359  ","所羅門          ","3167673","554","26852352","8.5","8.55","8.35","8.35","+","0.05","8.35","","8.4","","0.00"
"2360  ","致茂            ","567483","182","18312596","32.3","32.4","32","32.4","+","0.2","32.1","","32.4","","12.51"
"2361  ","鴻友            ","6250350","973","92171705","14.75","14.75","14.7","14.75","+","0.95","14.75","","--","","5.74"
"2362  ","藍天            ","952266","298","12095876","12.8","12.85","12.55","12.6","-","0.05","12.55","","12.6","","10.08"
"2363  ","矽統            ","10869503","1864","168319346","15.6","15.7","15.3","15.5"," ","0","15.5","","15.6","","0.00"
"2364  ","倫飛            ","1593931","279","6898056","4.35","4.38","4.3","4.31","-","0.02","4.3","","4.31","","0.00"
"2365  ","昆盈            ","206919","108","6922410","33.4","33.6","33.3","33.6","+","0.4","33.6","","33.7","","9.16"
"2366  ","亞旭            ","6957096","1448","121124775","17.5","17.7","17.1","17.3","+","0.1","17.2","","17.3","","15.04"
"2367  ","燿華            ","6353603","1293","99980176","15.5","16","15.3","15.6","+","0.3","15.6","","15.7","","17.33"
"2368  ","金像電          ","5264511","1214","75974071","14.4","14.6","14.2","14.3"," ","0","14.3","","14.35","","29.18"
"2369  ","菱生            ","6326595","1249","108638760","17.3","17.4","16.9","16.9","-","0.1","16.9","","17","","9.77"
"2370  ","匯僑工          ","940000","276","12312900","13.2","13.25","12.9","12.9","-","0.2","12.9","","13","","44.48"
"2371  ","大同            ","19989957","3042","269918368","13.6","13.6","13.4","13.4","-","0.1","13.4","","13.45","","10"
"2373  ","震旦行          ","236748","89","4177705","17.8","17.9","17.5","17.5","-","0.1","17.4","","17.5","","9.83"
"2374  ","佳能            ","1020148","420","22909559","22.6","22.7","22.1","22.5","+","0.2","22.3","","22.5","","12.16"
"2375  ","智寶            ","1404000","399","15862000","11.5","11.6","11.1","11.1","-","0.2","11.1","","11.2","","23.62"
"2376  ","技嘉            ","376690","208","18141974","48.2","48.4","48","48.4","+","0.2","48.1","","48.4","","9.98"
"2377  ","微星            ","1156828","494","39249140","34.4","34.4","33.6","33.8","-","0.3","33.8","","33.9","","10.4"
"2378  ","鴻運電          ","1518553","293","9958403","6.7","6.7","6.4","6.45","-","0.2","6.45","","6.5","","0.00"
"2379  ","瑞昱            ","2238320","1024","92759212","41","42","40.8","41","+","0.3","41","","41.2","","10.38"
"2380  ","虹光            ","634253","233","14264536","22.6","22.7","22.2","22.2","-","0.2","22.2","","22.3","","6.51"
"2381  ","華宇            ","2719305","547","27321817","10.15","10.15","10","10","-","0.05","10","","10.05","","0.00"
"2382  ","廣達            ","4466575","1662","296504590","67.5","68","65.5","66.5","-","1","66","","66.5","","13.91"
"2383  ","台光電          ","1447400","355","13297169","9.15","9.45","8.95","9.1","+","0.25","9.1","","9.2","","0.00"
"2384  ","勝華            ","10605016","3037","416174825","39.8","39.8","38.6","38.6","-","1.2","38.6","","38.7","","16.57"
"2385  ","群光            ","159255","110","7413121","47.2","47.2","46.2","46.2","-","0.4","46.2","","46.5","","9.65"
"2387  ","精元            ","1379000","151","40642200","29.1","29.7","28.3","29.3"," ","0","29","","29.3","","11.4"
"2388  ","威盛            ","6420423","1712","179940233","28","28.2","27.7","28.1","+","0.4","28","","28.1","","0.00"
"2389  ","世昕            ","1462001","204","10176257","7.1","7.1","6.8","7","-","0.05","6.85","","7","","0.00"
"2390  ","云辰            ","1008605","179","9650573","9.6","9.65","9.4","9.55","-","0.05","9.45","","9.55","","0.00"
"2391  ","合勤            ","346150","158","22635774","65","66","65","65.5"," ","0","65","","65.5","","12.06"
"2392  ","正崴            ","377760","164","20722023","55","55.5","54.5","55"," ","0","54.5","","55","","15.11"
"2393  ","億光            ","8621029","3224","388004267","45.5","46","43.6","43.8","-","1.2","43.8","","44","","11.97"
"2394  ","普立爾          ","1503036","512","57052777","38.2","38.3","37.6","37.6","-","0.4","37.6","","37.7","","11.12"
"2394T ","普立丙          ","0","0","0","--","--","--","--"," ","0","--","","38.1","","0.00"
"2395  ","研華            ","874733","312","60648228","67.5","70.5","67.5","70","+","2.5","70","","70.5","","17.68"
"23951 ","研華一          ","69000","14","8797500","127.5","127.5","127.5","127.5"," ","0","127.3","","127.5","","0.00"
"2396  ","精碟            ","2370781","663","47993689","20.4","20.4","20.1","20.2"," ","0","20.1","","20.2","","5.36"
"2397  ","友通            ","102010","34","1672966","16.6","16.6","16.3","16.4","-","0.3","16.3","","16.4","","25.63"
"2399  ","映泰            ","557000","174","8959700","16.2","16.4","16","16","-","0.1","16","","16.1","","9.76"
"2401  ","凌陽            ","1509359","641","86217165","58","58","56.5","57","-","0.5","57","","57.5","","18.75"
"2402  ","毅嘉            ","869957","314","62756284","73","73.5","71","71","-","1.5","71","","72","","17.32"
"2403  ","友尚            ","641748","265","19116177","29.8","29.9","29.6","29.8","+","0.4","29.7","","29.9","","9.9"
"2404  ","漢唐            ","2247250","910","83055405","36.1","37.6","35.9","37.2","+","1.4","37.1","","37.2","","9.87"
"2405  ","浩鑫            ","403011","224","14244081","35.4","35.8","35","35.2","+","0.3","35.2","","35.3","","12.39"
"2406  ","國碩            ","956000","292","15407809","16.4","16.4","16","16","-","0.2","16","","16.1","","6.67"
"2407  ","陞技            ","3825330","626","52260110","13.75","13.8","13.55","13.55","-","0.1","13.55","","13.6","","5.46"
"2408  ","南亞科          ","28637046","5365","734106723","25.9","25.9","25.2","25.4","-","0.4","25.4","","25.5","","181.43"
"2409  ","友達            ","66687068","13415","3316455221","50.5","50.5","49","49","-","1","49","","49.1","","8.94"
"2410  ","鼎大            ","694000","266","24443300","34.9","35.7","34.5","35.2","+","0.4","35.2","","35.3","","25.14"
"2411  ","飛瑞            ","758000","334","24809800","32.2","33","32.2","33","+","0.5","32.7","","33","","10"
"2412  ","中華電          ","18176000","3690","1051053000","58","58","57.5","58"," ","0","58","","58.5","","11.07"
"2413  ","環科            ","333228","112","4593485","14","14","13.6","13.6","-","0.1","13.6","","13.7","","90.67"
"2414  ","精技            ","93999","45","1182716","12.7","12.7","12.55","12.55"," ","0","12.5","","12.55","","13.94"
"2415  ","錩新            ","65000","34","1082400","16.8","16.9","16.5","16.6","-","0.1","16.6","","16.7","","8.88"
"2416  ","世平            ","872443","270","24489880","28.5","28.5","27.7","27.8","-","0.3","27.7","","27.8","","9.24"
"2417  ","圓剛            ","3990000","1417","114092600","29.2","29.6","28","28.4","-","1.3","28.3","","28.4","","9.83"
"2418  ","雅新            ","1722666","630","71855998","41.8","41.9","41.5","41.7","+","0.2","41.7","","41.8","","9.25"
"24181 ","雅新一          ","0","0","0","--","--","--","--"," ","0","--","","--","","0.00"
"2418T ","雅新丙          ","0","0","0","--","--","--","--"," ","0","--","","--","","0.00"
"2418W ","雅新己          ","0","0","0","--","--","--","--"," ","0","--","","--","","0.00"
"2419  ","仲琦            ","2205002","431","17493216","8.2","8.2","7.75","7.75","-","0.45","7.75","","7.8","","0.00"
"2420  ","新巨            ","162000","62","3184500","19.7","19.9","19.4","19.4","-","0.3","19.4","","19.5","","12.2"
"2421  ","建準            ","3795041","501","58464910","15.1","15.6","15","15.3","+","0.3","15.3","","15.4","","34.77"
"2422  ","國聯            ","1341987","360","20280722","15.4","15.4","14.8","14.8","-","0.4","14.8","","14.9","","12.13"
"2423  ","固緯            ","89000","27","1780500","20.2","20.2","19.9","19.9","-","0.1","19.9","","20","","9.09"
"2424  ","隴華            ","1256000","414","19096900","15.5","15.5","15","15","-","0.4","15","","15.1","","27.78"
"2425  ","承啟            ","691397","180","4457339","6.65","6.65","6.35","6.35","-","0.15","6.35","","6.4","","0.00"
"2426  ","鼎元            ","833398","278","12387346","15.1","15.1","14.7","14.9"," ","0","14.8","","14.9","","15.52"
"2427  ","三商電          ","278003","101","4123094","15","15","14.75","14.75","-","0.15","14.75","","14.8","","15.86"
"2428  ","興勤            ","113000","42","2378000","21.3","21.3","21","21","-","0.1","20.9","","21","","9.55"
"2429  ","銘旺科          ","2865000","616","20382900","6.9","7.4","6.8","6.85","-","0.1","6.85","","6.9","","0.00"
"2430  ","燦坤            ","204684","95","8494830","41.5","41.8","41.2","41.6","+","0.1","41.3","","41.6","","8.74"
"2431  ","聯昌            ","123000","42","1214150","10","10","9.8","9.9"," ","0","9.9","","9.95","","13.94"
"2432  ","倚天            ","474128","180","8415466","18.1","18.1","17.5","17.5","-","0.3","17.5","","17.6","","11.08"
"2433  ","互盛電          ","102000","36","1142600","11.3","11.3","10.8","11.3"," ","0","11.3","","11.4","","12.15"
"2434  ","統懋            ","18000","9","236300","13.6","13.6","13.1","13.1","-","0.25","13.1","","13.35","","29.11"
"2435  ","台路            ","213100","59","751704","3.58","3.6","3.5","3.51","-","0.06","3.5","","3.51","","0.00"
"2436  ","偉詮電          ","423407","148","8330135","19.7","19.8","19.5","19.5","-","0.1","19.5","","19.6","","8.78"
"2437  ","旺詮            ","150301","70","2554267","17","17.1","16.9","16.9"," ","0","16.9","","17","","12.52"
"2438  ","翔耀            ","1822865","326","20835344","11.5","11.55","11.3","11.5"," ","0","11.4","","11.5","","29.49"
"2439  ","美律            ","83018","63","6616432","80.5","80.5","79","79.5","-","0.5","79.5","","80","","21.43"
"2440  ","太空梭          ","2060720","296","10847249","5.4","5.45","5.2","5.2","-","0.25","5.2","","5.25","","0.00"
"2441  ","超豐            ","2291110","768","73726001","32.5","32.5","31.8","32"," ","0","32","","32.1","","8.25"
"2442  ","新美齊          ","1304219","303","12569244","9.85","9.85","9.5","9.5","-","0.35","9.5","","9.6","","0.00"
"2443  ","新利虹          ","2211000","386","22257650","10.1","10.2","10","10","-","0.1","10","","10.05","","14.08"
"2444  ","友旺            ","581001","158","6813861","11.9","11.9","11.65","11.65","-","0.1","11.65","","11.7","","0.00"
"2446  ","全懋            ","9308000","1733","163193100","17.7","17.8","17.4","17.4"," ","0","17.4","","17.5","","13.28"
"2447  ","鼎新            ","53238","33","1124670","21","21.4","21","21.1","+","0.1","21.1","","21.2","","10.19"
"2448  ","晶電            ","6115401","2114","445129866","73.5","74","71","72"," ","0","71.5","","72","","12.5"
"2449  ","京元電子        ","6186000","1460","181011600","29.7","29.7","28.5","28.5","-","0.8","28.4","","28.5","","11.31"
"2450  ","神腦            ","719001","180","11293215","15.6","15.9","15.6","15.9","+","0.3","15.8","","15.9","","15"
"2451  ","創見            ","316077","212","23726903","76","76.5","74","74.5","-","1","74.5","","75","","10.36"
"2452  ","乾坤            ","84008","28","1921281","22.9","22.9","22.8","22.8"," ","0","22.8","","22.9","","12.19"
"2453  ","凌群            ","31800","26","358731","11.2","11.35","11.2","11.3","-","0.05","11.2","","11.35","","51.36"
"2454  ","聯發科          ","1231240","783","323325321","263","265","259","262"," ","0","261","","262","","9.94"
"2455  ","全新            ","228000","100","3168450","14.15","14.15","13.7","13.7","-","0.15","13.7","","13.75","","0.00"
"2456  ","奇力新          ","198000","65","3421300","17.7","17.7","17.1","17.1","-","0.6","17.1","","17.5","","12.48"
"24561 ","奇力一          ","0","0","0","--","--","--","--"," ","0","102.3","","109","","0.00"
"2457  ","飛宏            ","2254383","563","32298918","14.15","14.55","14.05","14.4","+","0.35","14.4","","14.45","","11.8"
"2458  ","義隆            ","1928423","377","47293519","25.2","25.3","24","24.4","-","0.6","24.3","","24.4","","10.94"
"2459  ","敦吉            ","111656","78","4093386","36","37","36","36.6","+","0.3","36.5","","36.6","","10.14"
"2460  ","建通            ","276000","84","8389600","30.8","30.8","30.1","30.3","+","0.2","30.3","","30.5","","9.07"
"2461  ","光群雷          ","420219","144","8831617","20.8","21.3","20.5","21.1","-","0.1","20.6","","21.1","","0.00"
"2462  ","良得電          ","72000","34","1012550","14.1","14.2","14","14.05","+","0.15","14.05","","14.1","","7.47"
"2463  ","研揚            ","34008","15","992932","29.2","29.3","29.1","29.1","-","0.1","29","","29.3","","18.77"
"2464  ","盟立            ","138000","65","2936600","21.3","21.4","21.2","21.3"," ","0","21.2","","21.3","","11.83"
"2465  ","麗臺            ","364000","96","5304100","14.7","14.9","14.2","14.2","-","0.5","14.2","","14.5","","0.00"
"2466  ","冠西電          ","634000","138","5550250","8.85","8.95","8.65","8.7","-","0.1","8.7","","8.75","","0.00"
"2467  ","志聖            ","623165","248","12123998","19.5","19.8","19.2","19.4","+","0.5","19.3","","19.4","","18.13"
"2468  ","華經            ","39000","17","414950","10.8","10.8","10.35","10.35","-","0.2","10.35","","10.5","","17.54"
"2469  ","力信            ","137004","63","1999556","14.65","14.65","14.5","14.6"," ","0","14.6","","14.65","","15.21"
"2470  ","品佳            ","2822384","784","66057779","23.7","23.7","23","23","-","0.3","23","","23.1","","9.02"
"2471  ","資通            ","138000","42","1697850","12.5","12.5","12.15","12.25","-","0.1","12.2","","12.25","","55.68"
"2472  ","立隆電          ","108000","34","1502000","13.95","14","13.8","13.95"," ","0","13.85","","14","","21.8"
"2473  ","思源            ","247328","105","18391758","75.5","75.5","73.5","74.5","-","1","74","","74.5","","16.34"
"2474  ","可成            ","656035","256","70484777","108","110","101.5","110","+","1.5","109","","110","","13.87"
"2475  ","華映            ","41639134","6550","730901631","17.8","17.8","17.3","17.3","-","0.3","17.3","","17.4","","16.32"
"2476  ","鉅祥            ","372685","125","8886757","24.3","24.3","23.6","23.6","-","0.4","23.6","","23.8","","18.02"
"2477  ","美隆電          ","233299","75","9703425","41.8","41.8","41.5","41.6","-","0.2","41.5","","41.6","","10.4"
"2478  ","大毅            ","402200","155","10627132","26.7","26.7","26.3","26.4","+","0.1","26.4","","26.5","","10.48"
"2479  ","和立            ","1028100","193","9576425","9.4","9.45","9.25","9.4","+","0.1","9.3","","9.4","","0.00"
"2480  ","敦陽科          ","810845","301","15927576","19.8","19.8","19.4","19.4","-","0.2","19.4","","19.5","","9.37"
"2481  ","強茂            ","1383000","414","33024000","24.1","24.1","23.5","23.9","X","0","23.8","","23.9","","9.19"
"2482  ","連宇            ","591264","239","12770524","21","22","21","22","+","1.3","21.7","","22","","14.86"
"2483  ","百容            ","34000","19","658600","19.5","19.5","19.2","19.4","+","0.1","19.4","","19.5","","14.26"
"2484  ","希華            ","396120","151","7331193","18.5","18.8","18.2","18.2","-","0.2","18.2","","18.3","","19.16"
"2485  ","兆赫            ","1620926","667","53814963","33.7","33.7","32.7","32.8","-","0.7","32.8","","33","","18.43"
"2486  ","一詮            ","436395","123","5758474","13.3","13.4","13","13.25","+","0.15","13.2","","13.25","","32.32"
"2487  ","友立資          ","532001","139","12261100","22.9","23.5","22.8","23","-","0.2","22.9","","23","","1150"
"2488  ","漢平            ","817000","155","23209000","28.3","28.7","28.2","28.7","+","0.5","28.7","","28.8","","9.05"
"2489  ","瑞軒            ","1104064","384","24633110","22.6","22.8","22.1","22.2","-","0.3","22.1","","22.3","","13.54"
"2490  ","皇統            ","4656639","716","24294916","5.3","5.3","5.1","5.3"," ","0","5.3","","5.35","","0.00"
"2491  ","吉祥全          ","13754870","1808","92481396","6.8","6.8","6.6","6.7","-","0.05","6.65","","6.7","","0.00"
"2492  ","華新科          ","3471068","1003","78721967","23.2","23.2","22.4","22.4","-","0.6","22.4","","22.5","","29.47"
"2493  ","揚博            ","145011","56","1800086","12.55","12.7","12.3","12.4","-","0.1","12.4","","12.45","","0.00"
"2494  ","廣業科          ","310699","51","399765","1.29","1.29","1.22","1.29","+","0.08","1.29","","--","","0.00"
"2495  ","普安            ","175342","133","16194974","93","93","91.5","92","-","0.5","91.5","","92","","10.49"
"2496  ","卓越            ","235000","72","924130","4.1","4.1","3.83","3.97","-","0.02","3.84","","3.97","","0.00"
"2497  ","怡利電          ","95001","31","1622616","17.2","17.2","16.6","17","+","0.2","16.7","","17","","54.84"
"2498  ","宏達電          ","299050","169","40292591","133.5","136","133.5","136","+","3.5","135","","136","","14.32"
"2499  ","東貝            ","1204229","369","39933877","33.8","33.8","32.8","32.8","-","0.9","32.8","","32.9","","19.18"
"2501  ","國建            ","10129847","2207","181250494","17.6","18.2","17.4","17.6","+","0.2","17.6","","17.7","","76.52"
"2504  ","國產            ","27178078","3538","218862313","7.9","8.2","7.9","8","+","0.2","7.95","","8","","25"
"2505  ","國揚            ","5976845","1104","65480313","10.6","11.1","10.5","11.1","+","0.7","11.1","","--","","0.00"
"2506  ","太設            ","6764238","499","21456439","3.01","3.21","3","3.21","+","0.21","3.21","","--","","0.65"
"25062 ","太設二          ","0","0","0","--","--","--","--"," ","0","--","","--","","0.00"
"2509  ","全坤建          ","708000","154","4125800","5.7","5.9","5.7","5.8","+","0.15","5.8","","5.85","","0.00"
"2511  ","太子            ","6298871","837","51246791","7.85","8.25","7.85","8.25","+","0.5","8.25","","--","","20.63"
"2514  ","龍邦            ","5039000","698","56630300","11","11.45","11","11.2","+","0.25","11.2","","11.25","","8.75"
"2515  ","中工            ","14974472","1880","91233446","6.05","6.15","6","6.05","+","0.05","6.05","","6.1","","50.42"
"2516  ","新建            ","2811231","515","16699992","5.8","6.1","5.8","5.9","+","0.05","5.85","","5.9","","36.88"
"2520  ","冠德            ","24475576","4599","310872950","12.45","13","12.4","12.4","+","0.05","12.4","","12.45","","0.00"
"2523  ","德寶            ","3013600","702","29261520","9.55","9.9","9.5","9.55","+","0.05","9.55","","9.6","","0.00"
"2524  ","京城            ","1125010","560","60226512","52.5","54.5","52","53.5","+","2","53","","53.5","","13.18"
"2525  ","寶祥            ","328176","46","144681","0.45","0.45","0.41","0.45","+","0.02","0.44","","0.45","","0.00"
"2526  ","大陸            ","2791009","796","44333075","15.8","16.1","15.6","15.6","+","0.1","15.6","","15.8","","13.57"
"2527  ","宏璟            ","463010","118","2383165","4.91","5.25","4.91","5.2","+","0.2","5.2","","5.25","","0.00"
"2528  ","皇普            ","117000","9","49980","0.43","0.43","0.42","0.42","+","0.01","0.41","","0.42","","0.00"
"2530  ","華建            ","12912870","1330","45022739","3.48","3.54","3.4","3.53","+","0.22","3.52","","3.53","","0.00"
"2533  ","昱成            ","2330273","521","17151999","7.05","7.45","7.05","7.4","+","0.4","7.4","","7.45","","82.22"
"2534  ","宏盛            ","31355000","5578","518239300","15.9","16.7","15.8","16.7","+","1","16.7","","--","","0.00"
"2535  ","達欣工          ","8157201","1436","78272918","9.4","9.75","9.35","9.5","+","0.15","9.5","","9.55","","24.36"
"2536  ","宏普            ","3460000","1105","89131500","25","26.3","25","25.6","+","0.9","25.6","","25.7","","182.86"
"2537  ","聯上發          ","428000","32","406330","0.94","0.97","0.94","0.97","+","0.03","0.97","","0.98","","0.00"
"2538  ","基泰            ","11255434","1517","104864696","9.2","9.4","9.15","9.3","+","0.5","9.3","","9.35","","9.89"
"2539  ","櫻花建          ","8376","6","155768","18.4","19.6","18.4","19.6","-","0.1","18.4","","19.6","","0.85"
"2540  ","愛山林          ","586000","32","419280","0.72","0.72","0.65","0.72","+","0.04","0.72","","--","","10.29"
"2542  ","興富發          ","12091920","2370","203794444","16.3","17.1","16.2","16.8","+","0.8","16.7","","16.8","","21"
"2543  ","皇昌            ","2793000","404","44678700","16","16.3","15.7","15.8","+","0.1","15.8","","15.9","","12.74"
"2544  ","益鼎            ","1428121","400","16565293","11.6","11.6","11.6","11.6","+","0.75","11.6","","--","","0.00"
"2545  ","皇翔            ","2620000","753","75634900","28.4","29.5","28.4","28.5","+","0.1","28.4","","28.6","","21.27"
"2546  ","根基            ","1996000","427","19437300","9.3","9.85","9.3","9.85","+","0.6","9.85","","--","","123.13"
"2547  ","日勝生          ","2815000","1011","83175700","28.9","30","28.7","29.4","+","1","29.3","","29.4","","0.00"
"2548  ","華固            ","11266000","2651","307403700","26","27.6","26","27.3","+","1.5","27.2","","27.3","","37.92"
"2601  ","益航            ","2620491","482","19955777","7.5","7.75","7.5","7.5"," ","0","7.5","","7.65","","34.09"
"2603  ","長榮            ","9428142","1838","270232026","28.3","28.9","28.3","28.8","+","0.6","28.7","","28.8","","11.71"
"2605  ","新興            ","3903191","783","117061357","29.8","30.2","29.8","29.9","+","0.1","29.9","","30","","7.67"
"2606  ","裕民            ","12157852","2847","493875659","41","41.1","40.1","40.1","-","0.1","40.1","","40.2","","7.41"
"2607  ","榮運            ","1623204","344","21229122","13","13.2","12.95","13.1","+","0.2","13.05","","13.1","","28.48"
"2608  ","大榮            ","5393901","1080","49250207","9","9.25","9","9"," ","0","9","","9.05","","128.57"
"2609  ","陽明            ","21969278","4047","700990061","31.7","32.2","31.6","32","+","0.6","31.9","","32","","8.67"
"2609W ","陽明己          ","114000","42","3474700","30.4","30.6","30.4","30.4"," ","0","30.3","","30.4","","0.00"
"2610  ","華航            ","1915460","485","35865406","18.7","18.9","18.5","18.7","+","0.1","18.7","","18.8","","26.34"
"2611  ","志信            ","145111","52","1118992","7.65","7.8","7.65","7.65"," ","0","7.65","","7.75","","13.42"
"2612  ","中航            ","1083243","267","12224644","11.1","11.45","11.1","11.3","+","0.35","11.3","","11.35","","7.2"
"2613  ","中櫃            ","198000","65","1731100","8.7","8.95","8.6","8.8","+","0.1","8.8","","8.9","","16.92"
"2614  ","東森            ","20850598","3267","346623012","16.5","16.8","16.4","16.6","+","0.3","16.6","","16.7","","7.87"
"2615  ","萬海            ","2438308","614","74332960","30.3","30.8","30.1","30.4","+","0.3","30.3","","30.4","","9.62"
"2616  ","山隆            ","176024","87","2994608","17.1","17.1","16.9","17","-","0.1","16.9","","17","","7.98"
"2617  ","台航            ","5915646","1217","147199023","24.4","25.4","24.2","24.9","+","0.9","24.9","","25","","6.68"
"2618  ","長榮航          ","6268787","1472","88339454","14.1","14.2","13.95","14.05","+","0.1","14.05","","14.1","","23.42"
"2701  ","萬企            ","29363","20","320223","10.8","11","10.8","10.85","-","0.05","10.85","","11","","22.14"
"2702  ","華園            ","114000","52","1172850","10.2","10.4","10.05","10.2","+","0.1","10.2","","10.35","","0.00"
"2704  ","國賓            ","408778","65","6935832","17","17.1","16.8","17","-","0.1","17","","17.1","","68"
"2705  ","六福            ","4265000","1062","57176950","13.1","13.65","13","13.4","+","0.5","13.35","","13.4","","0.00"
"2706  ","第一店          ","166000","11","3037500","18.2","18.5","18.1","18.2"," ","0","18.2","","18.3","","21.16"
"2707  ","晶華            ","46748","35","1709641","36.4","36.6","36.4","36.6","+","0.4","36.6","","36.8","","13.21"
"2801  ","彰銀            ","14964140","2456","281068690","18.8","18.9","18.7","18.7"," ","0","18.7","","18.8","","42.5"
"2801A ","彰銀特          ","8000","3","389000","48.7","48.7","48.6","48.6","-","0.8","48.6","","49.4","","0.00"
"2807  ","竹商銀          ","4551810","902","88592025","19.6","19.6","19.4","19.4"," ","0","19.3","","19.4","","9.85"
"2808  ","北商銀          ","4999109","1251","114026510","22.7","23","22.5","22.6","+","0.1","22.6","","22.7","","16.99"
"2809  ","京城銀          ","786631","114","8385648","10.6","10.7","10.6","10.7","+","0.1","10.7","","10.75","","12.59"
"2811  ","東企            ","649001","68","2332710","3.46","3.65","3.46","3.65","+","0.03","3.55","","3.65","","1.36"
"2812  ","台中銀          ","2492242","366","21927812","8.8","8.9","8.7","8.7","-","0.1","8.7","","8.75","","28.06"
"2816  ","旺旺保          ","1692338","210","17190726","10.2","10.25","10.1","10.2"," ","0","10.15","","10.2","","19.62"
"2820  ","華票            ","8729053","984","92456524","10.65","10.7","10.55","10.55","-","0.1","10.55","","10.6","","7.08"
"2822  ","農銀            ","3375186","524","34579020","10.3","10.3","10.2","10.2","-","0.05","10.2","","10.25","","28.33"
"2823  ","中壽            ","9287434","2177","182472461","19.7","19.8","19.5","19.5","-","0.1","19.5","","19.6","","19.7"
"2825  ","中央保          ","1576187","353","22047735","14.05","14.1","13.9","13.9"," ","0","13.9","","13.95","","16.75"
"2827  ","中聯            ","5453771","698","26859496","4.95","4.97","4.89","4.89","-","0.03","4.89","","4.9","","0.00"
"2831  ","中華銀          ","8129498","472","55931290","6.95","6.95","6.85","6.9","-","0.05","6.85","","6.9","","76.67"
"2832  ","台產            ","725001","209","13463818","18.9","18.9","18.4","18.4","-","0.2","18.4","","18.5","","10.89"
"2833  ","台壽保          ","247124","111","13861409","56","56.5","56","56.5","+","0.5","56","","56.5","","7.95"
"2834  ","臺企銀          ","14554339","1412","152520210","10.55","10.55","10.4","10.4","-","0.05","10.4","","10.45","","260"
"2836  ","高雄銀          ","1376998","386","33705556","25","25","24.3","24.3","-","0.3","24.3","","24.4","","19.6"
"2837  ","萬泰銀          ","2688944","244","35406393","13.1","13.25","13.1","13.25","+","0.05","13.25","","13.3","","21.03"
"2838  ","聯邦銀          ","1067171","144","10628766","10","10.05","9.85","9.9","-","0.2","9.9","","9.95","","10.65"
"2841  ","台開            ","51000","8","82010","1.61","1.61","1.6","1.61","+","0.08","1.57","","1.62","","0.00"
"2845  ","遠東銀          ","15888143","2420","271703936","17","17.2","16.9","17","+","0.1","17","","17.1","","6.85"
"2847  ","大眾銀          ","6359390","619","66050477","10.4","10.45","10.3","10.3","-","0.05","10.3","","10.35","","5.39"
"2847A ","眾甲特          ","35000","5","367000","10.45","10.5","10.45","10.5"," ","0","10.45","","10.5","","0.00"
"2847B ","眾乙特          ","125990","7","1373978","10.9","11","10.9","11","-","0.15","10.8","","11","","0.00"
"2849  ","安泰銀          ","520001","68","4816259","9.2","9.3","9.2","9.25","+","0.05","9.25","","9.3","","92.5"
"2850  ","新產            ","1433000","346","26498700","18.6","18.7","18.3","18.4","-","0.1","18.4","","18.5","","11.5"
"2851  ","中再保          ","1365000","323","19327300","14.25","14.3","14.05","14.05","-","0.15","14.05","","14.1","","12.54"
"2852  ","第一保          ","864000","248","16879400","19.4","19.7","19.4","19.5","+","0.3","19.4","","19.5","","6.82"
"2854  ","寶來證          ","1631371","424","28018369","17.2","17.3","17.1","17.1"," ","0","17.1","","17.2","","10.06"
"2855  ","統一證          ","2215634","486","31093776","14","14.1","14","14","+","0.05","14","","14.05","","7.18"
"2856  ","元富證          ","3590971","411","44123351","12.3","12.35","12.2","12.35","+","0.1","12.25","","12.35","","7.44"
"2880  ","華南金          ","6426930","1017","176298950","27.6","27.6","27.2","27.2","-","0.4","27.2","","27.3","","11.62"
"2881  ","富邦金          ","8107295","1220","247548394","31","31","30.4","30.4","-","0.3","30.4","","30.5","","16.52"
"2882  ","國泰金          ","20056504","3882","1219909492","60.5","61.5","60","61","+","0.5","60.5","","61","","19.93"
"2883  ","開發金          ","12621516","2388","214493504","16.9","17.1","16.9","17","+","0.2","17","","17.1","","0.00"
"2883A ","開發特          ","0","0","0","--","--","--","--"," ","0","--","","18","","0.00"
"2884  ","玉山金          ","2875489","491","57984527","20.1","20.3","20","20.2","+","0.2","20.1","","20.2","","10.74"
"2885  ","元大金          ","3308720","511","45491485","13.8","13.8","13.7","13.7","-","0.1","13.7","","13.75","","11.61"
"2886  ","兆豐金          ","14859926","2296","331573413","22.5","22.5","22.2","22.2","-","0.1","22.2","","22.3","","12.2"
"2887  ","台新金          ","8279747","1008","233008192","28.2","28.3","28","28","-","0.2","28","","28.1","","12.39"
"2888  ","新光金          ","14345482","3103","390628714","27.2","27.5","27","27","+","0.1","27","","27.1","","9.15"
"2889  ","國票金          ","35465000","2082","462994350","13.1","13.1","13","13","-","0.05","12.95","","13","","9.56"
"2890  ","永豐金          ","12835353","1492","227057857","17.7","17.8","17.6","17.6","-","0.1","17.6","","17.7","","12.31"
"2891  ","中信金          ","15404000","3410","551032500","36.3","36.4","35.5","35.5","X","0","35.5","","35.6","","23.36"
"2891A ","中信特          ","0","0","0","--","--","--","--"," ","0","42.5","","43.5","","0.00"
"2892  ","第一金          ","6538241","1287","160985507","24.8","24.8","24.5","24.5","-","0.1","24.5","","24.6","","0.00"
"2901  ","欣欣            ","45785","25","718916","15.9","15.9","15.6","15.7","-","0.2","15.7","","15.9","","130.83"
"2902  ","中信            ","9000","3","3810","0.42","0.45","0.42","0.45"," ","0","--","","0.45","","0.00"
"2903  ","遠百            ","2476000","405","38584000","15.8","15.8","15.4","15.7","-","0.1","15.6","","15.7","","24.53"
"2904  ","匯僑            ","154044","34","583420","3.75","3.86","3.75","3.8","+","0.05","3.72","","3.8","","23.75"
"2905  ","三商            ","1403000","372","16689200","11.7","12.1","11.65","12.1","+","0.45","12.05","","12.1","","11.31"
"2906  ","高林            ","1223010","246","12820552","10.3","10.6","10.3","10.45","+","0.1","10.45","","10.5","","11.48"
"2908  ","特力            ","1133785","160","19428680","17.1","17.3","17","17.1","+","0.1","17.1","","17.2","","30"
"2910  ","統領            ","3000","3","61300","20.4","20.5","20.4","20.5","+","0.3","20.5","","21.1","","15.07"
"2911  ","麗嬰房          ","179051","56","2148158","11.95","12.05","11.95","12"," ","0","12","","12.05","","16.67"
"2912  ","統一超          ","1595120","609","100870437","63.5","64","62.5","64","+","0.5","63","","64","","14.16"
"2913  ","農林            ","3063326","536","20672640","6.7","6.9","6.65","6.7","+","0.1","6.7","","6.75","","0.00"
"2915  ","潤泰全          ","3487001","646","40914011","11.8","11.8","11.65","11.8"," ","0","11.7","","11.8","","7.97"
"3002  ","歐格            ","208000","40","4290500","20.5","20.9","20.5","20.5","-","0.3","20.5","","20.6","","10.05"
"3003  ","健和興          ","244000","87","7042900","28.7","29.2","28.5","29","+","0.3","29","","29.1","","9.51"
"3004  ","豐達科          ","5906215","1629","145223253","24.3","25.1","24.1","24.4","+","0.3","24.4","","24.5","","0.00"
"3005  ","神基            ","358251","83","5036183","14.1","14.15","13.95","14","+","0.05","13.95","","14","","17.72"
"3006  ","晶豪科          ","4585128","2305","471841488","103.5","104.5","101","101.5","-","0.5","101","","101.5","","11.29"
"3007  ","綠點            ","1674010","603","170986505","105","105","100.5","101","-","2.5","101","","101.5","","10.24"
"3008  ","大立光          ","953128","759","243831415","264","264","249","249","-","16","249","","250","","15.59"
"3009  ","奇美電          ","53909111","11096","2867383038","53.5","54","52.5","53"," ","0","52.5","","53","","10.62"
"3010  ","華立            ","457000","184","17915600","39.4","39.4","38.9","39.4"," ","0","39","","39.4","","8.62"
"3011  ","今皓            ","674188","273","11156836","15.8","16.7","15.7","16.7","+","1","16.7","","--","","10.57"
"3012  ","廣輝            ","59753929","10560","1392651889","23.8","23.8","22.9","22.9","-","0.7","22.9","","23","","16.72"
"3013  ","晟銘電          ","538001","156","7490214","14.25","14.3","13.6","14.05","-","0.2","14.05","","14.1","","29.27"
"3014  ","聯陽            ","341094","100","5130551","15.1","15.2","14.9","15.2","+","0.2","15.2","","15.3","","11.26"
"3015  ","全漢            ","392000","165","19402100","49.2","49.9","49.2","49.5","+","0.4","49.5","","49.6","","8.51"
"3016  ","嘉晶            ","10000","6","129600","12.9","13","12.9","12.9","+","0.1","12.8","","12.9","","0.00"
"3017  ","奇鋐            ","441050","210","16874675","38","38.6","38","38.3","+","0.6","38.3","","38.5","","12.77"
"3018  ","同開            ","18000","13","260400","14.7","14.7","14.3","14.5"," ","0","14.5","","14.55","","15.76"
"3019  ","亞光            ","984721","703","178307303","190","191","177","177","-","13","--","","177","","14.81"
"3020  ","奇普仕          ","173316","80","3959374","22.9","23","22.7","23","+","0.1","22.9","","23","","8.88"
"3021  ","鴻名            ","2006156","271","6059416","3.02","3.02","3.02","3.02","-","0.22","--","","3.02","","0.00"
"3022  ","威強電          ","1351750","566","41085962","29.5","31.2","29.5","30.3","+","1","30.3","","30.5","","9.38"
"3023  ","信邦            ","350600","140","11137144","32.1","32.2","31.5","31.7","-","0.2","31.7","","31.8","","9.58"
"3024  ","憶聲            ","546171","213","14276497","26.4","26.4","25.9","26","-","0.1","25.9","","26","","7.22"
"3025  ","星通            ","182415","75","1809728","10.25","10.25","9.7","9.95","-","0.3","9.85","","10","","0.00"
"3026  ","禾伸堂          ","1848000","853","103930000","58","58.5","55.5","55.5","-","2","55.5","","56","","17.79"
"3027  ","盛達            ","265827","93","4526853","16.6","17.4","16.6","17","+","0.4","17","","17.1","","10.63"
"3028  ","增你強          ","120502","46","2737784","22.7","22.9","22.7","22.7","+","0.1","22.6","","22.7","","10.97"
"3029  ","零壹            ","785000","216","8366400","10.8","10.9","10.45","10.5","-","0.25","10.5","","10.55","","13.82"
"3030  ","德律            ","1154000","494","45793600","39.3","40.1","38.9","39.5","+","1.2","39.5","","39.6","","17.17"
"3031  ","佰鴻            ","715000","311","32897500","46.2","46.4","45.2","46.2"," ","0","46.1","","46.2","","9.37"
"3032  ","偉訓            ","385013","79","6143208","16.1","16.2","15.5","16.1"," ","0","15.8","","16.1","","20.91"
"3033  ","威健            ","263160","96","5582663","21.2","21.3","21.1","21.2"," ","0","21.2","","21.3","","7.94"
"3034  ","聯詠            ","2596000","1169","258983500","102","102","98","98","-","3.5","97.5","","98","","13.12"
"3035  ","智原            ","134850","86","8431624","64","64","62","62","-","2","62","","62.5","","12.5"
"3036  ","文曄            ","136000","61","3674100","27.2","27.2","26.8","26.9","-","0.1","26.8","","26.9","","7.64"
"3037  ","欣興            ","18557355","2500","342865590","18","18.7","17.9","18.4","+","0.3","18.3","","18.4","","11.36"
"3038  ","全台            ","743000","294","23866300","32.5","32.5","32","32.3","+","0.3","32.2","","32.3","","7.65"
"3039  ","宏傳            ","270000","44","3522600","13.5","13.5","12.95","13.2","+","0.2","13","","13.2","","24"
"3040  ","遠見            ","173000","47","3286900","19","19.2","18.8","19.2","+","0.2","19.1","","19.2","","12.89"
"3041  ","揚智            ","5570714","1653","123086001","21.9","22.4","21.7","21.9","+","0.2","21.8","","21.9","","0.00"
"3042  ","晶技            ","355000","160","6298900","17.8","17.9","17.5","17.5","-","0.2","17.5","","17.6","","13.46"
"3043  ","科風            ","86580","55","2974019","34.8","34.9","33.8","34.5","-","0.2","34.5","","34.6","","9.3"
"3044  ","健鼎            ","123381","71","4967949","40.2","40.6","40","40.4","-","0.1","40.2","","40.4","","11.81"
"3045  ","台灣大          ","11853098","1170","384181202","31.7","32.7","31.7","32.7","+","0.8","32.6","","32.7","","10.41"
"3045R ","台灣甲          ","0","0","0","--","--","--","--"," ","0","--","","--","","0.00"
"3046  ","建碁            ","411950","160","6965758","17.1","17.2","16.7","16.8","-","0.3","16.8","","16.9","","17.87"
"3047  ","訊舟            ","207282","57","1592067","7.55","7.75","7.55","7.75","+","0.2","7.7","","7.75","","0.00"
"3048  ","益登            ","396000","131","13620700","34.3","34.6","34.1","34.2","-","0.1","34.1","","34.2","","7.5"
"3049  ","和鑫            ","11626230","2634","224706785","19.6","19.6","19","19.2","-","0.4","19.1","","19.2","","11.93"
"3050  ","鈺德            ","351900","109","8782383","25.2","25.2","24.9","25"," ","0","24.9","","25","","8.8"
"3051  ","力特            ","4704420","1922","469087787","101.5","101.5","97.5","97.5","-","2.5","97","","98","","13.77"
"3052  ","夆典            ","101050","48","638110","6.35","6.4","6.25","6.25"," ","0","6.25","","6.3","","0.00"
"3053  ","鼎營            ","0","0","0","--","--","--","--"," ","0","--","","1.74","","0.00"
"3054  ","立萬利          ","180050","91","1876059","10.55","10.6","10.25","10.3","+","0.05","10.3","","10.35","","0.00"
"3055  ","蔚華科          ","154007","70","5877565","38","38.5","38","38","-","0.1","38","","38.1","","10.47"
"3056  ","總太            ","40359","20","492018","12.35","12.35","12.05","12.05","+","0.1","12.05","","12.3","","241"
"3057  ","喬鼎            ","84412","52","2167375","25.8","25.9","25.5","25.5","-","0.3","25.5","","25.6","","9.66"
"3058  ","立德            ","467000","122","4235500","9.1","9.2","8.85","9.15","+","0.4","9.1","","9.15","","11.73"
"3059  ","華晶科          ","719192","272","19065466","26.8","26.9","26.1","26.1","+","0.1","26.1","","26.2","","6.13"
"3060  ","銘異            ","157000","91","8424000","54","54","53","53","-","1","53","","53.5","","11.04"
"3061  ","璨圓            ","305005","143","10086560","33.3","33.4","32.7","32.9","-","0.2","32.8","","32.9","","24.74"
"3062  ","建漢            ","4540000","1347","152741700","33.8","34.4","33.1","33.4","-","0.1","33.3","","33.4","","8.05"
"3063  ","飛信            ","570000","200","16554200","29.3","29.4","28.6","29.3"," ","0","28.9","","29.3","","18.43"
"3231  ","緯創            ","355772","179","6724082","19","19.1","18.7","18.7","-","0.3","18.7","","18.9","","10.11"
"3311  ","閎暉            ","268000","115","18678000","68","71.5","67","69","+","1","69","","71","","13.45"
"4119  ","旭富            ","7000","5","191000","27","27.4","27","27.4","-","0.1","27.2","","27.5","","9.48"
"4526  ","東台            ","207001","100","11204553","53.5","54.5","53.5","54","+","0.5","54","","54.5","","11.69"
"4532  ","瑞智            ","2206000","490","49846500","22.7","22.9","22.4","22.4","-","0.2","22.4","","22.5","","17.5"
"4906  ","正文            ","698025","271","46030629","66","66.5","65.5","65.5"," ","0","65.5","","66","","13.26"
"5434  ","崇越            ","117012","79","7838299","67.5","68","65.5","66","-","1","66","","66.5","","11.74"
"5469  ","瀚宇博          ","70108","64","1724467","24.9","24.9","24.1","24.6","-","0.2","24.4","","24.6","","8.72"
"5471  ","松翰            ","195000","87","9759900","50","50.5","49.9","50"," ","0","49.9","","50","","10.25"
"5484  ","慧友            ","250000","78","12467900","49.9","50.5","49.5","49.7","+","0.2","49.5","","49.7","","13.25"
"5515  ","建國            ","678000","190","11785500","17","17.7","16.9","17.5","+","0.5","17.4","","17.5","","9.89"
"5534  ","長虹            ","1774031","664","58992786","32","33.8","32","33.3","+","1.3","33.3","","33.4","","15.56"
"5608  ","四維航          ","2640030","592","63287504","23.8","24.3","23.5","24","+","0.4","23.9","","24","","11.94"
"6012  ","金鼎證          ","2017313","347","16988140","8.5","8.5","8.35","8.35","-","0.15","8.35","","8.4","","16.37"
"6112  ","聚碩            ","98000","31","935700","9.5","9.65","9.5","9.65","+","0.2","9.65","","9.7","","26.81"
"6117  ","迎廣            ","100000","43","2995700","29.7","30.2","29.5","30","+","0.1","29.9","","30","","15.87"
"6119  ","大傳            ","110001","68","3520031","32.3","32.3","31.4","32.3","+","0.5","32.1","","32.3","","9.64"
"6128  ","上福            ","66000","36","2092900","31.6","31.8","31.5","31.6","-","0.3","31.4","","31.6","","10.78"
"6132  ","銳普            ","60550","28","771819","12.8","12.9","12.65","12.65"," ","0","12.65","","12.7","","8.72"
"6133  ","金橋            ","60120","23","1368032","22.6","23.1","22.6","23.1","+","0.2","23","","23.1","","22"
"6136  ","富爾特          ","405100","268","22295373","54.5","55.5","54.5","54.5","+","0.5","54.5","","55","","8.23"
"6139  ","亞翔            ","740218","335","63145935","86.5","87","84","84.5","-","0.5","84","","84.5","","20.56"
"6141  ","柏承            ","99000","45","4703000","47.6","47.7","47","47","-","0.6","47","","47.5","","10.04"
"6142  ","友勁            ","925602","251","22777549","24.3","24.9","24.3","24.5","+","0.2","24.5","","24.6","","10.52"
"6145  ","勁永            ","713400","287","19967364","28.2","28.3","27.6","27.6","-","0.2","27.5","","27.6","","12.96"
"6165  ","捷泰            ","66179","30","1037878","15.9","15.9","15.6","15.6"," ","0","15.6","","15.8","","9.29"
"6168  ","宏齊            ","513355","251","19633961","38.6","38.7","37.8","37.8","-","0.6","37.7","","37.8","","8.73"
"6172  ","互億            ","516651","156","11578934","22.7","22.7","22.2","22.4","-","0.2","22.4","","22.5","","8.27"
"6189  ","豐藝            ","146000","72","7532500","52","52","51","51.5","+","0.5","51.5","","52","","8.42"
"6196  ","帆宣            ","83100","55","5158669","62.5","62.5","61.5","61.5","-","0.5","61.5","","62","","10.03"
"6257  ","矽格            ","459000","200","13662500","29.8","30.1","29.6","29.6"," ","0","29.6","","29.7","","7.4"
"6269  ","台郡            ","327000","147","10997600","33.8","33.9","33.2","33.3","-","0.4","33.3","","33.5","","12.76"
"6277  ","宏正            ","43000","25","3468500","79.5","81","79.5","81","+","1","81","","81.5","","14.06"
"6282  ","康舒            ","198000","89","5503700","27.8","28","27.6","27.9","+","0.1","27.6","","28","","7.75"
"6285  ","啟碁            ","159000","99","8747000","55.5","56","54","54.5","-","1","54.5","","55","","6.78"
"6286  ","立錡            ","285000","146","28005000","98","100","97.5","97.5"," ","0","97.5","","98","","11.86"
"6289  ","華上            ","102000","51","2852900","28.1","28.2","27.6","28","-","0.1","27.7","","28","","10.69"
"6505  ","台塑化          ","2613822","896","136444342","53","53","52","52","-","0.5","52","","52.5","","22.81"
"6605  ","帝寶            ","321519","225","27835475","88","88","86","86","-","4","85.5","","86.5","","12.06"
"8016  ","矽創            ","139000","96","11298500","81","82","80.5","81","+","0.5","81","","81.5","","15.91"
"8078  ","華寶            ","288750","191","17861015","61","62","61","62","+","1","61.5","","62","","11.17"
"8101  ","華冠            ","765002","334","23549179","30.7","31.3","30.3","30.3","-","0.4","30.3","","30.7","","8.12"
"8926  ","台汽電          ","150080","52","2220023","14.8","14.9","14.75","14.75"," ","0","14.75","","14.9","","10.17"
"9101  ","福雷電          ","1465000","192","5623800","3.85","3.9","3.82","3.85","+","0.03","3.85","","3.86","","0.00"
"9102  ","東亞科          ","447755","80","5887453","13","13.2","12.95","13.2","+","0.25","13.2","","13.25","","0.00"
"9103  ","美德醫療-DR     ","253006","80","3675174","14.5","14.7","14.45","14.6","+","0.1","14.6","","14.65","","0.00"
"9104  ","萬宇科          ","3000","2","108700","35.9","36.9","35.9","36.9","X","0","36","","36.9","","0.00"
"9105  ","泰金寶-DR       ","109000","33","4259900","39","39.3","38.8","39.2","+","0.1","39.1","","39.2","","0.00"
"9801  ","力霸            ","1986119","307","6167923","3.1","3.14","3.08","3.12","+","0.04","3.1","","3.12","","0.00"
"9902  ","台火            ","735999","149","4586153","6.25","6.4","6.15","6.3","-","0.05","6.25","","6.3","","0.00"
"9904  ","寶成            ","7224228","1937","226274001","31","31.6","31","31.5","+","0.6","31.3","","31.5","","12.45"
"9905  ","大華            ","429001","131","9116321","21.3","21.4","21.1","21.1","-","0.1","21.1","","21.2","","11.28"
"9906  ","欣巴巴          ","377000","78","1235770","3.08","3.28","3.08","3.28","+","0.21","3.28","","--","","2.33"
"9907  ","統一實          ","10775989","1617","105437092","9.6","9.9","9.55","9.7","+","0.15","9.7","","9.75","","26.22"
"9908  ","大台北          ","624002","79","7527424","12.15","12.15","11.95","12.15"," ","0","12.05","","12.15","","12.03"
"9910  ","豐泰            ","364000","78","12910300","35.6","35.6","35.3","35.3","-","0.1","35.3","","35.4","","10.47"
"9911  ","櫻花            ","1397000","258","13020200","9.15","9.5","9.15","9.35","+","0.25","9.35","","9.4","","40.65"
"9912  ","偉聯            ","53013","22","378941","7.1","7.2","7.1","7.1"," ","0","7.1","","7.2","","0.00"
"9914  ","美利達          ","8545302","1478","122972850","13.95","14.6","13.95","14.6","+","0.95","14.6","","--","","15.37"
"9915  ","億豐            ","260000","130","13061000","51","51","50","50","-","0.5","50","","50.5","","12.59"
"9917  ","中保            ","847489","215","27480205","32.5","32.8","32","32","-","0.7","32","","32.2","","11.72"
"9918  ","欣天然          ","21042","8","340880","16.2","16.2","16.2","16.2","-","0.1","16.1","","16.3","","10.95"
"9919  ","康那香          ","324001","73","5353016","16.5","16.7","16.4","16.5","-","0.2","16.5","","16.6","","12.5"
"9921  ","巨大            ","431988","219","17546723","40.2","40.9","40.2","40.9","+","1","40.7","","40.9","","10.3"
"9922  ","優美            ","8000","2","9780","1.2","1.29","1.2","1.29","+","0.04","1.2","","1.29","","0.00"
"9924  ","福興            ","391000","112","12799200","31.9","33.2","31.9","32.5","+","0.6","32.5","","32.6","","12.55"
"9925  ","新保            ","1216000","223","19010800","15.9","15.9","15.5","15.6","X","0","15.6","","15.7","","7.46"
"9926  ","新海            ","30000","15","416000","13.8","13.9","13.8","13.9","+","0.1","13.9","","13.95","","11.21"
"9927  ","泰銘            ","2231859","670","75685074","34","34.4","33.4","33.4","-","0.5","33.4","","33.5","","10.5"
"9928  ","中視            ","421000","90","4240900","10.1","10.15","10.05","10.05"," ","0","10.05","","10.1","","0.00"
"9929  ","秋雨            ","301200","52","1638494","5.55","5.55","5.3","5.3","-","0.2","5.3","","5.5","","0.00"
"9930  ","中聯資源        ","195920","91","3172761","15.9","16.4","15.9","16.3","+","0.5","16.2","","16.3","","9.21"
"9931  ","欣高            ","16000","6","169650","10.55","10.65","10.55","10.6","-","0.1","10.55","","10.6","","10.82"
"9933  ","中鼎            ","2033001","561","37403618","18.2","18.7","18.1","18.4","+","0.2","18.4","","18.5","","13.63"
"9934  ","成霖            ","99000","49","4442169","45.1","45.2","44.5","44.5","-","0.3","44.5","","44.8","","29.67"
"9935  ","慶豐富          ","158140","56","2822065","17.7","17.9","17.7","17.9","+","0.2","17.9","","18","","8.61"
"9936  ","欣錩            ","2093680","298","9250095","4.37","4.48","4.35","4.4","+","0.05","4.4","","4.42","","0.00"
"9937  ","全國            ","151199","44","3273225","21.3","22","21.3","21.9"," ","0","21.8","","21.9","","13.44"
"9938  ","百和            ","101174","46","2220441","22.2","22.3","21.8","22.3","+","0.1","22","","22.3","","13.27"
"9939  ","宏全            ","583000","268","20944400","36.2","36.3","35.8","35.8","-","0.4","35.8","","35.9","","14.09"
"9940  ","信義            ","53000","50","3513500","66","67","66","66","+","1","66","","66.5","","12.87"
"9941  ","裕融            ","161759","63","4966827","30.5","31","30.5","31","+","0.5","30.8","","31","","10.65"
"9942  ","茂順            ","76000","43","3004700","39.3","39.7","39.3","39.4","+","0.2","39.4","","39.6","","10.48"
"9943  ","好樂迪          ","156000","60","2878000","18.3","18.5","18.3","18.5","+","0.2","18.4","","18.5","","51.39"
"9944  ","新麗            ","529000","31","11932800","23","23","22.5","22.5","-","0.5","22.5","","22.9","","10.92"
"9945  ","潤泰新          ","8445053","917","54233226","6.25","6.6","6.25","6.3","+","0.1","6.3","","6.4","","0.00"
    
"說明："
"1. 漲跌(+/-)欄位符號說明:+/-/X表示漲/跌/不比價。"
"2. 當證券代號為認購(售)權證及認股權憑證時本益比欄位置為結算價；但如為以外國證券或指數為標的之認購(售)權證及履約方式採歐式者，該欄位為空白。"
"3. 除境外指數股票型基金及外國股票第二上市外，餘交易單位皆為千股。"
"4. 本統計資訊含一般、零股、盤後定價、鉅額交易，不含拍賣、標購。"

