

2011年09月01日大盤統計資訊
"指數","收盤指數","漲跌(+/-)","漲跌點數","漲跌百分比(%)"
發行量加權股價指數,7757.76,+,16.4,0.21
臺灣50指數,5306.42,+,18.64,0.35
臺灣中型100指數,6841.24,+,1.74,0.03
臺灣資訊科技指數,5651.71,-,23.65,-0.42
臺灣發達指數,7084.69,+,20.06,0.28
臺灣高股息指數,5724.43,+,1.85,0.03
臺灣就業99指數,4559.31,+,41.56,0.92
未含金融保險股指數,6479.17,-,2.04,-0.03
未含電子股指數,12478.77,+,82.89,0.67
未含金融電子股指數,10984.79,+,31.03,0.28
小型股300指數,--,,--,--
水泥窯製類指數,577.65,+,8,1.4
塑膠化工類指數,888.45,+,5.18,0.59
機電類指數,1553.39,-,3.91,-0.25
水泥類指數,133.1,+,3.07,2.36
食品類指數,967.04,-,3.36,-0.35
塑膠類指數,257.96,+,1.89,0.74
紡織纖維類指數,436.43,-,4.15,-0.94
電機機械類指數,116.68,+,0.44,0.38
電器電纜類指數,44.65,+,0.15,0.34
化學生技醫療類指數,122,-,0.59,-0.48
化學類指數,133.08,-,0.77,-0.58
生技醫療類指數,68.33,-,0.09,-0.13
玻璃陶瓷類指數,84.86,-,1.24,-1.44
造紙類指數,171.97,+,1.93,1.14
鋼鐵類指數,111.8,-,1.87,-1.65
橡膠類指數,304.96,+,3.66,1.21
汽車類指數,193.77,-,0.02,-0.01
電子類指數,275.15,-,0.76,-0.28
半導體類指數,66.7,-,0.57,-0.85
電腦及週邊設備類指數,78.95,-,0.79,-0.99
光電類指數,39.95,+,0.11,0.28
通信網路類指數,153,+,0.37,0.24
電子零組件類指數,65.76,-,0.14,-0.21
電子通路類指數,134.82,-,0.1,-0.07
資訊服務類指數,73.39,+,0.53,0.73
其他電子類指數,54.6,+,0.4,0.74
建材營造類指數,287.96,+,4.18,1.47
航運類指數,86.57,-,0.28,-0.32
觀光類指數,134.54,+,0.83,0.62
金融保險類指數,961.74,+,15.97,1.69
貿易百貨類指數,243.02,+,5.95,2.51
油電燃氣類指數,106.66,-,0.17,-0.16
其他類指數,151.33,+,0.91,0.6
"報酬指數","收盤指數","漲跌(+/-)","漲跌點數","漲跌百分比(%)"
發行量加權股價報酬指數,10719.39,+,24.72,0.23
臺灣就業99報酬指數,4725.45,+,43.07,0.92
未含金融電子股報酬指數,15385.93,+,50.09,0.33
小型股300報酬指數,--,,--,--
水泥類報酬指數,152.36,+,3.5,2.35
食品類報酬指數,1035.95,-,3.6,-0.35
塑膠類報酬指數,294.13,+,2.15,0.74
紡織纖維類報酬指數,480.64,-,4.58,-0.94
電機機械類報酬指數,127.14,+,0.47,0.37
電器電纜類報酬指數,47.19,+,0.16,0.34
化學生技醫療類報酬指數,134.39,-,0.64,-0.47
化學類報酬指數,147.63,-,0.84,-0.57
生技醫療類報酬指數,73.51,-,0.09,-0.12
玻璃陶瓷類報酬指數,87.59,-,1.29,-1.45
造紙類報酬指數,184.52,+,2.07,1.13
鋼鐵類報酬指數,125.6,-,2.11,-1.65
橡膠類報酬指數,330.27,+,3.96,1.21
汽車類報酬指數,205.22,-,0.02,-0.01
電子類報酬指數,344.88,-,0.92,-0.27
半導體類報酬指數,81.46,-,0.7,-0.85
電腦及週邊設備類報酬指數,98,-,0.96,-0.97
光電類報酬指數,44.12,+,0.14,0.32
通信網路類報酬指數,201.31,+,0.49,0.24
電子零組件類報酬指數,80.76,-,0.17,-0.21
電子通路類報酬指數,164.98,-,0.12,-0.07
資訊服務類報酬指數,94.19,+,0.67,0.72
其他電子類報酬指數,59.54,+,0.42,0.71
建材營造類報酬指數,324.98,+,4.71,1.47
航運類報酬指數,95.5,+,0.36,0.38
觀光類報酬指數,139.74,+,0.85,0.61
金融保險類報酬指數,1112.35,+,18.47,1.69
貿易百貨類報酬指數,257.76,+,6.31,2.51
油電燃氣類報酬指數,118.44,-,0.16,-0.13
其他類報酬指數,171.63,+,1.04,0.61
"成交統計","成交金額(元)","成交股數(股)","成交筆數"
"1.一般股票","130884605527","3491808917","1068489"
"2.台灣存託憑證","431290751","42409058","9002"
"3.受益憑證","302360","39000","14"
"4.ETF","2435767884","60837188","9908"
"5.受益證券","24715860","1965000","182"
"6.變更交易股票","12929592","2871478","455"
"7.認購(售)權證","1086830190","1244301000","53084"
"8.轉換公司債","0","0","0"
"9.附認股權特別股","0","0","0"
"10.附認股權公司債","0","0","0"
"11.認股權憑證","0","0","0"
"12.公司債","0","0","0"
"證券合計(1+6)","130897535119","3494680395","1068944"
"總計(1~12)","134876442164","4844231641","1141134"
"漲跌證券數合計"
"類型","整體市場(元)","股票"
"上漲(漲停)",3087(42),380(21)
"下跌(跌停)",1609(61),320(7)
"持平",489,60
"未成交",3281,0
"無比價",12,8
"說明："
"1. 漲跌價差為當日收盤價與前一日收盤價比較。"
"2. 無比價含當日除權、除息、新上市、恢復交易者。"
2011年09月01日
"每日收盤行情("全部(不含權證、牛熊證)")","","","","","","","","","","(元,股)","(元,交易單位)"
"證券代號","證券名稱","成交股數","成交筆數","成交金額","開盤價","最高價","最低價","收盤價","漲跌(+/-)","漲跌價差","最後揭示買價","最後揭示買量","最後揭示賣價","最後揭示賣量","本益比"
="0015  ","富邦            ","39000","14","302360","7.57","7.84","7.57","7.8","-","0.04","7.8","2","7.82","3","0.00"
="0050  ","元大台灣50      ","35887333","7452","1996647038","55.05","56.1","55.05","55.15","+","0.6","55.15","36","55.2","86","0.00"
="0051  ","元大中型100     ","87200","61","2491804","28.45","28.7","28.42","28.42","+","0.14","28.4","5","28.42","7","0.00"
="0052  ","FB科技          ","8000","6","246790","30.6","31","30.6","30.85","+","0.34","30.43","48","30.81","46","0.00"
="0053  ","元大電子        ","41000","27","948300","22.96","23.3","22.85","22.86","+","0.09","22.86","1","23.19","1","0.00"
="0054  ","元大台商50      ","16000","14","326470","20.5","20.5","20.25","20.25","+","0.05","20","12","20.36","1","0.00"
="0055  ","元大MSCI金融    ","12801000","1395","171293110","13.24","13.57","13.19","13.34","+","0.28","13.34","151","13.35","2","0.00"
="0056  ","元大高股息      ","167055","77","4305452","25.46","25.93","25.46","25.66","+","0.23","25.5","1","25.66","3","0.00"
="0057  ","FB摩台          ","1063000","38","32777610","30.63","31","30.44","30.44","+","0.22","30.42","1","30.48","7","0.00"
="0058  ","FB發達          ","0","0","0","--","--","--","--"," ","0","33.1","3","34.25","2","0.00"
="0059  ","FB金融          ","3000","1","88410","29.47","29.47","29.47","29.47","+","0.61","29.44","7","29.57","5","0.00"
="0060  ","新台灣          ","26000","17","842140","32.39","32.39","32.39","32.39","X","0","31.56","1","32.2","8","0.00"
="0061  ","元大寶滬深      ","5703200","796","92018630","16.11","16.22","16.02","16.02","+","0.02","16.02","47","16.05","33","0.00"
="006203","元大MSCI台灣    ","5030000","13","133305280","26.65","27","26.65","26.9","+","0.4","26.58","10","26.82","10","0.00"
="0080  ","恒中國          ","600","2","225800","371","387","371","387","X","0","386.6","1","396","2","0.00"
="0081  ","恒香港          ","0","0","0","--","--","--","--"," ","0","710.15","1","800","1","0.00"
="008201","BP上證50        ","3800","9","251050","66","66.2","66","66","+","0.1","65.5","6","66","5","0.00"
="01001T","土銀富邦R1      ","508000","22","6599500","12.95","13","12.95","13","+","0.05","12.98","30","13","146","0.00"
="01002T","土銀國泰R1      ","587000","53","7625510","13","13","12.98","12.99","-","0.01","12.98","11","12.99","53","0.00"
="01003T","兆豐新光R1      ","295000","24","3066560","10.4","10.4","10.39","10.39","-","0.02","10.38","9","10.4","31","0.00"
="01004T","土銀富邦R2      ","4000","4","45640","11.41","11.41","11.41","11.41","+","0.01","11.41","21","11.48","1","0.00"
="01005T","三鼎            ","428000","39","5968680","13.95","13.96","13.92","13.95"," ","0","13.95","54","13.96","67","0.00"
="01007T","兆豐國泰R2      ","14000","7","171180","12.25","12.25","12.18","12.25"," ","0","12.23","31","12.25","47","0.00"
="01008T","駿馬R1          ","129000","33","1238790","9.6","9.63","9.58","9.59","X","0","9.55","10","9.59","8","0.00"
"1101  ","台泥            ","24111910","7349","961992226","39.7","40.25","39.25","40","+","1.25","39.95","7","40","431","16"
"1102  ","亞泥            ","16602983","4708","651277387","39.2","39.55","38.9","39","+","0.75","38.95","34","39","2","12.38"
"1103  ","嘉泥            ","2429899","772","43673635","18.15","18.35","17.7","17.9"," ","0","17.85","1","17.9","69","11.33"
"1104  ","環泥            ","502349","209","7749408","15.45","15.6","15.3","15.35","+","0.1","15.3","71","15.35","8","10.51"
"1108  ","幸福            ","990062","267","6640696","6.73","6.8","6.64","6.7","-","0.03","6.67","3","6.7","19","0.00"
"1109  ","信大            ","189000","47","1983750","10.6","10.6","10.45","10.45"," ","0","10.45","49","10.5","63","0.00"
"1110  ","東泥            ","277725","116","3117096","11.3","11.4","11.15","11.2","+","0.05","11.2","17","11.25","1","86.15"
"1201  ","味全            ","3905856","1382","138345610","35.4","35.8","35.15","35.15","+","0.05","35.15","3","35.2","2","10.85"
"1203  ","味王            ","277847","151","6315409","22.6","22.85","22.6","22.7"," ","0","22.7","4","22.8","13","38.47"
"1210  ","大成            ","3651219","1183","116433913","32","32.2","31.6","32","+","0.4","31.7","2","32","3","12.75"
"1213  ","大飲            ","297737","173","7009819","23.25","23.9","23.25","23.5","+","0.15","23.5","4","23.65","1","0.00"
"1215  ","卜蜂            ","663982","258","10642159","16.05","16.15","15.95","15.95","-","0.05","15.95","12","16","22","12.97"
"1216  ","統一            ","10728156","3894","465820095","43.2","44.2","42.85","43.2","+","0.45","43.2","70","43.25","276","20.87"
"1217  ","愛之味          ","2834223","824","32632049","11.5","11.65","11.4","11.4","-","0.05","11.4","64","11.45","28","40.71"
"1218  ","泰山            ","2721553","867","49438104","18.3","18.45","17.85","17.9","-","0.25","17.9","4","17.95","1","19.89"
"1219  ","福壽            ","700277","293","11786504","17","17.1","16.6","16.75","+","0.05","16.7","30","16.75","8","6.25"
"1220  ","台榮            ","300008","110","3562238","11.85","11.95","11.8","11.8","+","0.1","11.8","90","11.9","12","10.73"
"1225  ","福懋油          ","613118","152","8167028","13.45","13.45","13.25","13.4","+","0.05","13.4","9","13.45","14","13.96"
"1227  ","佳格            ","9918669","6067","968938196","102","102","96.3","96.3","-","7.2","--","0","96.3","1,886","18.81"
"1229  ","聯華            ","2774360","1004","54782752","19.95","20","19.55","19.6","-","0.25","19.55","70","19.6","41","7.87"
"1231  ","聯華食          ","2761660","1224","125644510","46.1","46.1","44.9","45.9","+","0.15","45.75","2","45.9","27","13.38"
"1232  ","大統益          ","56495","53","2843097","50.5","50.7","50.2","50.3","-","0.1","50.3","2","50.5","9","12.51"
"1233  ","天仁            ","630255","193","34359194","52.5","55.5","52.1","53.9","+","1.7","53.9","4","54","25","22.09"
"1234  ","黑松            ","769100","345","25923858","33.7","33.95","33.5","33.65","+","0.05","33.65","24","33.7","12","48.07"
"1235  ","興泰            ","28200","26","699609","24.7","25","24.65","25"," ","0","24.85","5","25","5","125"
"1236  ","宏亞            ","276889","179","6896129","25","25.2","24.5","24.55","-","0.3","24.55","3","24.6","3","17.41"
"1301  ","台塑            ","16221360","5441","1495296861","91.4","94.5","90.1","90.5","+","0.4","90.4","108","90.5","709","10.71"
"1303  ","南亞            ","12803092","4076","899240518","69.5","70.9","69.3","70.1","+","1","70","2","70.1","243","13.59"
"1304  ","台聚            ","10228941","3894","346675568","33.2","34.5","33","33.45","+","0.65","33.45","44","33.5","1","8.43"
"1305  ","華夏            ","7214413","1512","83000958","11.45","11.65","11.4","11.4"," ","0","11.4","73","11.45","20","20"
"1307  ","三芳            ","314110","153","8256489","26.65","26.65","26.15","26.2","-","0.3","26.2","6","26.25","6","11.64"
"1308  ","亞聚            ","4315296","1970","199748666","45.5","47.2","45.2","45.8","+","0.8","45.8","342","46","1","9.07"
"1309  ","台達化          ","2147601","661","35007624","16.1","16.45","16.1","16.15","+","0.1","16.15","3","16.2","7","6.76"
"1310  ","台苯            ","4361723","1168","48518191","11","11.3","10.85","11.25","+","0.2","11.2","58","11.25","32","0.00"
"1312  ","國喬            ","8350840","2131","143245353","17.35","17.4","16.85","17.15"," ","0","17.1","65","17.15","222","7.46"
"1312A ","國喬特          ","3000","2","58800","19.8","19.8","19.5","19.5","X","0","19.4","1","19.8","1","0.00"
"1313  ","聯成            ","3294663","1003","57447249","17.4","17.65","17.25","17.4","+","0.15","17.4","3","17.45","121","8.83"
"1314  ","中石化          ","31602645","10235","1391704436","43.5","44.8","43.1","43.65","+","0.95","43.65","14","43.7","158","8.11"
"1315  ","達新            ","294100","135","9137210","31.45","31.45","30.85","31.25"," ","0","31.25","8","31.3","19","32.89"
"1316  ","上曜            ","402000","195","11769600","29.2","29.8","28.65","28.65","-","0.3","28.6","2","28.95","12","955"
"1319  ","東陽            ","1346368","697","42999926","32","32.65","31.5","31.55","-","0.45","31.55","4","31.65","1","17.82"
"1321  ","大洋            ","270000","119","5583600","20.7","20.8","20.5","20.7"," ","0","20.7","2","20.85","14","0.00"
"1323  ","永裕            ","166200","106","3685340","22.2","22.5","22","22.1","-","0.1","22","4","22.1","9","10.73"
"1324  ","地球            ","121000","56","1676300","13.7","14.1","13.7","13.8","+","0.15","13.75","13","13.8","10","14.84"
"1325  ","恆大            ","196000","102","3635250","18.7","18.7","18.4","18.55","+","0.1","18.5","2","18.55","8","11.59"
"1326  ","台化            ","14779869","5466","1319822394","88.5","90.5","87.7","88.2","+","0.1","88.1","149","88.2","98","9.47"
"1337  ","再生-KY         ","240330","167","21510737","88.3","90","88.2","89.1","+","1.1","89","4","89.3","1","12.48"
"1402  ","遠東新          ","19625981","5664","739191180","38.45","38.5","37.15","37.2","-","0.8","37.2","143","37.25","19","11.59"
"1409  ","新纖            ","7842943","1631","88158255","11.25","11.3","11.15","11.25","+","0.1","11.25","151","11.3","900","8.65"
"1410  ","南染            ","62000","24","993050","16.15","16.25","15.9","16.15"," ","0","16.1","1","16.15","15","13.35"
"1413  ","宏洲            ","212473","59","1399176","6.55","6.64","6.55","6.56","+","0.01","6.56","1","6.57","1","7.29"
"1414  ","東和            ","2276728","588","28462328","12.65","12.65","12.3","12.3","-","0.2","12.25","67","12.3","29","2.75"
"1416  ","廣豐            ","3550007","702","40402023","11.4","11.4","11.25","11.4","+","0.7","11.4","749","--","0","10"
"1417  ","嘉裕            ","2070800","523","21193087","10.3","10.4","10.1","10.15","-","0.15","10.1","145","10.15","21","15.62"
"1418  ","東華            ","92092","41","874504","9.46","9.56","9.45","9.55","+","0.12","9.55","1","9.56","5","238.75"
"1419  ","新紡            ","912226","404","33663892","37","37.5","36.25","36.8"," ","0","36.5","10","36.8","48","61.33"
"1423  ","利華            ","359001","81","3047728","8.45","8.63","8.39","8.63","+","0.2","8.4","1","8.68","17","23.32"
"1432  ","大魯閣          ","97329","59","1255245","12.7","13.55","12.7","12.95","-","0.45","12.95","2","13.1","6","2.49"
"1434  ","福懋            ","2579032","965","76919397","29.9","29.95","29.65","29.65","+","0.15","29.65","46","29.7","3","10.86"
"1435  ","中福            ","213986","71","876843","4.1","4.15","4.05","4.09","+","0.03","4.09","2","4.12","2","0.00"
"1436  ","華友聯          ","512942","169","6520534","12.35","13.15","12.35","12.4","+","0.05","12.4","34","12.45","14","24.31"
"1437  ","勤益控          ","586000","196","10274050","17.5","17.75","17.2","17.25","-","0.05","17.25","12","17.3","19","45.39"
"1438  ","裕豐            ","15000","4","37200","2.48","2.48","2.48","2.48","+","0.02","2.34","2","2.48","14","0.41"
"1439  ","中和            ","366600","201","8973840","24","24.95","24","24.1","-","0.3","24.1","12","24.2","10","0.00"
"1440  ","南紡            ","2974946","865","44972028","15.15","15.25","15","15","-","0.05","15","155","15.05","9","8.62"
"1441  ","大東            ","1114999","439","20872530","19","19.2","18.2","18.3","-","0.5","18.3","16","18.4","9","3.34"
"1442  ","名軒            ","258395","118","6737072","25.9","26.3","25.9","25.95","+","0.05","25.95","7","26.15","21","9.51"
"1443  ","立益            ","593640","154","1960898","3.28","3.36","3.25","3.34","+","0.04","3.33","25","3.34","16","9.28"
"1444  ","力麗            ","3882727","857","51810049","13.35","13.5","13.2","13.2","-","0.15","13.2","423","13.25","3","6.5"
"1445  ","大宇            ","342255","95","2808348","8.16","8.28","8.11","8.24","+","0.08","8.11","22","8.25","21","6.92"
"1446  ","宏和            ","200000","87","3985400","19.9","20.1","19.6","20.1","+","0.25","20.05","2","20.1","8","9.22"
"1447  ","力鵬            ","4038100","901","49072353","12.15","12.35","12","12","-","0.1","12","312","12.05","3","10.43"
"1449  ","佳和            ","18767","9","58017","3.1","3.1","3.1","3.1"," ","0","3.1","3","3.22","3","0.00"
"1451  ","年興            ","642666","317","15157304","23.7","23.75","23.5","23.6","-","0.15","23.55","5","23.6","33","8.37"
"1452  ","宏益            ","261150","65","2916721","11.15","11.2","11.05","11.15","+","0.1","11.1","15","11.15","8","6.52"
"1453  ","大將            ","29000","16","247360","8.5","8.62","8.5","8.55","+","0.05","8.51","1","8.59","5","17.1"
"1454  ","台富            ","629200","147","5889419","9.28","9.47","9.25","9.35","+","0.1","9.35","3","9.39","10","6.88"
"1455  ","集盛            ","4358814","1254","78641316","18.4","18.4","17.8","17.9","-","0.15","17.85","86","17.9","62","8.17"
"1456  ","怡華            ","12000","2","30600","2.55","2.55","2.55","2.55","+","0.02","2.55","28","2.63","2","0.00"
"1457  ","宜進            ","3012173","1653","27146637","9","9.1","8.95","8.96","-","0.09","8.96","69","8.97","1","89.6"
"1459  ","聯發            ","383758","140","4959561","12.9","13.05","12.8","12.95","-","0.05","12.85","129","12.95","55","6.68"
"1460  ","宏遠            ","889279","156","5205167","5.81","5.94","5.8","5.87","+","0.07","5.86","2","5.87","3","0.00"
"1463  ","強盛            ","1129152","144","11903630","10.25","10.75","10.2","10.45","+","0.3","10.35","2","10.45","8","0.00"
"1464  ","得力            ","234116","63","2294931","9.81","9.82","9.75","9.75","-","0.06","9.75","2","9.81","1","60.94"
"1465  ","偉全            ","173301","91","2742866","15.8","16.05","15.6","15.7","+","0.2","15.65","24","15.8","2","5.67"
"1466  ","聚隆            ","776290","252","22624089","29.3","29.7","28.9","29.2","+","0.1","29.1","31","29.2","14","7.39"
"1467  ","南緯            ","556100","180","5576925","9.9","10.2","9.9","10.1","+","0.34","10","15","10.1","23","8.56"
"1468  ","昶和            ","21000","11","213050","10.05","10.2","9.85","9.85","-","0.3","9.91","1","10.35","2","0.00"
"1469  ","理隆            ","57000","31","559500","9.9","9.99","9.67","9.67","-","0.18","9.62","3","9.7","61","29.3"
"1470  ","大統染          ","10000","6","121050","12.3","12.3","11.9","11.9","-","0.2","11.9","1","12.15","5","14.51"
"1471  ","首利            ","789651","307","8846191","11.4","11.4","10.95","11","-","0.1","10.95","50","11","6","0.00"
"1472  ","三洋紡          ","1495307","474","14824474","10.1","10.25","9.5","9.5","-","0.2","9.5","12","9.68","5","18.63"
"1473  ","台南            ","652877","213","25827803","40.3","40.3","39","39.2","-","0.35","39.1","2","39.2","2","11.07"
"1474  ","弘裕            ","473221","130","5028170","10.6","10.7","10.55","10.6","-","0.1","10.6","5","10.65","7","11.65"
"1475  ","本盟            ","2000","2","13850","6.81","7.04","6.81","7.04"," ","0","6.72","1","7","3","0.00"
"1476  ","儒鴻            ","544506","283","26609189","49.25","49.3","48.55","48.55","-","0.35","48.55","4","48.7","1","11.61"
"1477  ","聚陽            ","168302","123","11520827","68.4","68.6","68.1","68.4"," ","0","68.4","25","68.6","6","12.28"
"1503  ","士電            ","1220595","464","40483582","33.3","33.6","32.95","33.25","-","0.05","33","22","33.25","35","16.63"
"1504  ","東元            ","8307151","2543","157726279","18.9","19.1","18.9","18.9","+","0.1","18.9","203","18.95","223","13.03"
"1506  ","正道            ","128055","62","2918115","22.7","23","22.6","23","+","0.1","23","29","23.15","5","0.00"
"1507  ","永大            ","394020","245","20373123","51.7","52.4","51.3","51.3","-","0.4","51.3","24","51.7","11","14.83"
"1512  ","瑞利            ","770940","207","6807154","8.85","8.92","8.8","8.81","-","0.08","8.81","1","8.84","5","10.13"
"1513  ","中興電          ","1567125","581","24651058","15.7","15.85","15.5","15.8","+","0.35","15.75","62","15.8","57","13.98"
"1514  ","亞力            ","668040","154","6022580","9","9.06","8.9","9.06","+","0.02","8.93","1","9.06","5","15.89"
"1515  ","力山            ","118466","39","600400","5","5.13","5","5.1","+","0.03","5.1","6","5.11","2","0.00"
"1516  ","川飛            ","78904","23","436334","5.53","5.53","5.53","5.53","X","0","5.53","1,254","--","0","17.28"
"1517  ","利奇            ","649500","220","7136199","10.9","11.05","10.9","10.9","+","0.05","10.85","115","10.9","5","9.65"
"1519  ","華城            ","408779","216","6567632","15.9","16.3","15.9","16","+","0.15","16","11","16.1","39","15.53"
"1521  ","大億            ","816387","465","47466928","57.5","59.5","57.5","57.8","-","1.1","57.8","10","58","9","13.17"
"1522  ","堤維西          ","263286","142","3410473","12.95","13.2","12.85","12.9","-","0.05","12.85","14","12.95","31","258"
"1524  ","耿鼎            ","166220","59","1196198","7.24","7.3","7.06","7.18","+","0.1","7.1","1","7.18","7","0.00"
"1525  ","江申            ","189150","145","9329735","49.1","50","48.55","48.55","-","0.55","48.55","8","48.9","1","12.35"
"1526  ","日馳            ","96000","32","704000","7.45","7.45","7.2","7.35","-","0.1","7.26","1","7.35","1","17.5"
"1527  ","鑽全            ","556212","268","8678336","15.5","15.8","15.45","15.6","+","0.15","15.55","36","15.6","5","0.00"
"1528  ","恩德            ","1183898","448","18999178","16.3","16.35","15.85","15.95","+","0.45","15.95","4","16","66","9.67"
"1529  ","樂士            ","1701000","137","8783590","5.22","5.22","4.61","5.1","+","0.22","5","1","5.2","56","0.00"
"1530  ","亞崴            ","95210","51","2609364","27.5","28","27.1","27.25","-","0.05","27.05","6","27.25","1","11.75"
"1531  ","高林股          ","1402879","615","38204183","27.6","27.6","26.9","27","-","0.4","26.95","11","27","20","10.19"
"1532  ","勤美            ","760169","317","18152819","24","24.1","23.55","23.7","-","0.2","23.7","51","23.8","1","9.19"
"1533  ","車王電          ","499527","305","10791588","21.2","22","21.2","21.8","+","0.8","21.8","1","21.85","2","90.83"
"1535  ","中宇            ","129300","85","7948960","61.2","62","61","61.3","+","0.1","61.1","3","61.3","10","13.41"
"1536  ","和大            ","267000","85","3207150","11.95","12.15","11.95","12","+","0.05","12","1","12.05","13","20.69"
"1537  ","廣隆            ","863564","436","44533989","51","52.3","50.8","51.7","+","0.8","51.7","7","51.8","8","9.22"
"1538  ","正峰新          ","519811","266","14892584","28.65","28.65","28.65","28.65","+","1.85","28.65","1,005","--","0","0.00"
"1539  ","巨庭            ","21000","9","142070","6.81","6.82","6.67","6.67","-","0.1","6.66","1","6.97","1","0.00"
"1540  ","喬福            ","396530","136","7610840","19.5","19.5","19","19","-","0.5","19","28","19.1","1","43.18"
"1541  ","錩泰            ","58000","21","564540","9.7","9.98","9.7","9.85","-","0.04","9.85","1","9.88","1","0.00"
"1560  ","中砂            ","1284000","701","54808450","42.95","43.4","42","42","-","0.4","42","11","42.05","1","14.74"
"1582  ","信錦            ","478741","282","16688257","34.9","35.3","34.25","34.5","-","0.2","34.45","6","34.5","12","11.5"
"1583  ","程泰            ","96103","66","3641791","37.5","38.5","37.2","37.2","+","0.1","37.2","4","37.7","3","12.04"
"1590  ","亞德客-KY       ","1278100","504","257105390","209","212.5","196.5","199.5","-","9","199","11","199.5","25","24.04"
"1603  ","華電            ","374000","129","3512120","9.29","9.47","9.29","9.31","+","0.09","9.3","14","9.31","8","16.33"
"1604  ","聲寶            ","1903658","501","17257718","9.08","9.15","9","9.05","-","0.02","9.01","1","9.05","58","8.23"
"1605  ","華新            ","16524891","2493","188076922","11.25","11.55","11.2","11.2"," ","0","11.2","401","11.25","16","14.55"
"1608  ","華榮            ","707832","205","7069327","9.97","10.05","9.91","9.92","-","0.01","9.92","15","9.96","5","15.26"
"1609  ","大亞            ","2161234","410","18545702","8.59","8.62","8.55","8.55"," ","0","8.55","21","8.56","25","8.47"
"1611  ","中電            ","518466","268","10603878","20.6","20.65","20.3","20.45"," ","0","20.4","19","20.45","9","15.04"
"1612  ","宏泰            ","558199","192","5818279","10.25","10.55","10.25","10.35","+","0.1","10.35","65","10.4","5","12.32"
"1613  ","台一            ","1244180","338","9984983","8.14","8.14","7.91","7.98","-","0.17","7.96","5","7.98","13","4.36"
"1614  ","三洋電          ","137000","74","4156650","30.2","30.5","30.2","30.3","-","0.1","30.3","32","30.4","28","21.34"
"1615  ","大山            ","54007","36","730095","13.6","13.6","13.4","13.6","+","0.1","13.5","3","13.6","22","8.29"
"1616  ","億泰            ","263274","60","1414991","5.45","5.45","5.32","5.39","-","0.01","5.33","2","5.39","23","0.00"
"1617  ","榮星            ","206801","65","2577061","12.5","12.7","12.35","12.35","-","0.15","12.35","28","12.4","2","72.65"
"1618  ","合機            ","2497769","533","31918365","12.15","13","12.15","12.8","+","0.65","12.8","85","12.9","38","9.41"
"1701  ","中化            ","1660133","666","32870705","19.8","20","19.55","19.55","-","0.05","19.55","70","19.6","1","16.57"
"1702  ","南僑            ","898100","542","26949250","30.2","30.45","29.5","29.65","-","0.35","29.65","6","29.7","25","19.01"
"1704  ","榮化            ","4911639","2895","312159434","63.4","64.8","62.3","62.4","-","0.7","62.3","33","62.4","16","13.36"
"1707  ","葡萄王          ","1130150","649","56476900","50.2","50.7","49.4","49.8","-","0.4","49.8","17","49.9","5","12.36"
"1708  ","東鹼            ","1229983","560","39225988","31.7","32.2","31.7","32","+","0.4","31.95","11","32","9","12.17"
"1709  ","和益            ","417379","199","8040737","19.6","19.6","19.1","19.1","-","0.3","19.1","51","19.15","15","11.37"
"1710  ","東聯            ","10078561","3938","467148494","47","47.45","45.4","45.7","-","0.8","45.65","2","45.7","11","13.25"
"1711  ","永光            ","1143549","543","21789029","19.3","19.3","18.8","18.85","-","0.15","18.85","27","18.9","4","13.86"
"1712  ","興農            ","1045128","316","12758721","12.2","12.3","12.15","12.2"," ","0","12.15","32","12.2","9","14.52"
"1713  ","國化            ","151800","58","1841328","12.1","12.25","12","12.25","+","0.25","12.1","8","12.2","2","34.03"
"1714  ","和桐            ","5052798","1476","96779084","19.3","19.45","18.8","18.85","-","0.35","18.85","26","18.9","5","10.41"
"1715  ","萬洲            ","368319","134","5812775","15.8","15.9","15.65","15.7","-","0.1","15.65","15","15.75","26","14.67"
"1717  ","長興            ","1101859","506","28568784","25.9","26.15","25.8","25.8","+","0.1","25.8","17","25.85","45","15.83"
"1718  ","中纖            ","5923731","1203","72009342","12","12.3","12","12.1","+","0.2","12.1","61","12.15","173","8.77"
"1720  ","生達            ","325730","183","8285119","25.2","26","25.2","25.3","+","0.2","25.25","5","25.3","4","21.44"
"1721  ","三晃            ","22340","13","187622","8.38","8.44","8.3","8.3","+","0.04","8.3","5","8.43","2","0.00"
"1722  ","台肥            ","4479558","2521","406507343","91.3","91.7","89.8","90","-","0.2","90","13","90.1","64","55.56"
"1723  ","中碳            ","891934","598","129465430","146","146.5","143.5","143.5","-","1.5","143.5","33","144","2","15.87"
"1724  ","台硝            ","2666786","1160","86943621","32.7","33.5","31.9","32.5","+","0.1","32.5","1","32.55","10","18.26"
"1725  ","元禎            ","25050","19","448797","17.8","18.15","17.65","17.95","+","0.2","17.7","1","17.9","10","11.97"
"1726  ","永記            ","192132","120","8674524","45","45.6","44.5","44.5","-","0.5","44.5","6","44.8","3","13.28"
"1727  ","中華化          ","148930","76","2954900","19.6","20","19.6","19.8","+","0.2","19.8","43","19.85","1","13.94"
"1729  ","必翔            ","294036","169","11503265","39.4","39.5","38.3","39","-","0.35","39","16","39.1","1","0.00"
"1730  ","花仙子          ","240459","115","4538675","18.95","19.1","18.75","18.8","+","0.15","18.75","10","18.8","14","11.82"
"1731  ","美吾華          ","258072","145","3662358","14.3","14.35","14","14","-","0.2","14","8","14.1","3","24.14"
"1732  ","毛寶            ","77000","28","1270900","16.4","16.6","16.4","16.45","+","0.05","16.45","1","16.5","1","35.76"
"1733  ","五鼎            ","377679","243","23340498","61.5","62.2","61.5","61.6","+","0.1","61.5","30","61.7","5","13.72"
"1734  ","杏輝            ","319966","166","9036114","28.25","28.5","28","28.05","-","0.1","28","69","28.05","1","45.24"
"1735  ","日勝化          ","106555","48","1103438","10.3","10.45","10.3","10.3","+","0.1","10.3","5","10.4","13","34.33"
"1736  ","喬山            ","296637","198","17680146","59","60.3","58.5","58.5","-","1","58.5","19","58.6","2","16.07"
"1737  ","臺鹽            ","6920903","2904","208272828","30","30.45","29.7","29.95","+","0.15","29.95","6","30","14","32.91"
"1762  ","中化生          ","667000","436","36558600","54.3","55.8","54","54.2","+","0.2","54.2","9","54.3","1","22.21"
"1773  ","勝一            ","216053","131","8684096","39.9","40.6","39.8","39.85","+","0.1","39.85","2","40.1","6","8.84"
"1802  ","台玻            ","5967675","2654","222030715","37.8","37.95","36.5","36.8","-","0.7","36.8","8","36.85","144","16.21"
"1806  ","冠軍            ","2554923","853","45371923","17.6","17.9","17.6","17.65","+","0.05","17.65","17","17.7","7","3.21"
"1808  ","潤隆            ","266090","83","8242506","31.35","31.35","30.85","30.9","-","0.1","30.8","8","30.95","4","14.11"
"1809  ","中釉            ","1196942","570","19987685","16.5","17","16.35","16.6","+","0.3","16.55","18","16.6","2","14.31"
"1810  ","和成            ","1849738","345","18031385","9.55","9.84","9.55","9.7","+","0.2","9.7","4","9.71","3","74.62"
"1902  ","台紙            ","3135600","481","35079788","11.05","11.3","11.05","11.15","+","0.15","11.15","187","11.2","27","6.84"
"1903  ","士紙            ","225000","134","12213600","54.6","55","53.5","54","-","0.5","53.9","3","54","4","0.00"
"1904  ","正隆            ","3069666","583","37134395","12.1","12.2","12","12.15","+","0.1","12.1","1","12.15","120","10.66"
"1905  ","華紙            ","4125133","942","46539751","11.15","11.45","11.15","11.25","+","0.15","11.25","95","11.3","68","13.89"
"1906  ","寶隆            ","16437","10","115887","7.06","7.15","7","7","-","0.05","7","2","7.08","10","77.78"
"1907  ","永豐餘          ","4802423","1195","59045153","12.3","12.35","12.25","12.25","+","0.35","12.25","256","12.3","75","11.67"
"1909  ","榮成            ","1061100","209","10119522","9.5","9.63","9.5","9.56","+","0.06","9.56","39","9.58","49","11.38"
"2002  ","中鋼            ","52183226","15500","1608071907","31","31","30.5","30.75","-","0.75","30.7","487","30.75","179","15.93"
"2002A ","中鋼特          ","10000","7","390000","39","39","39","39","-","0.5","38.8","11","39","4","0.00"
"2006  ","東和鋼鐵        ","4027906","1209","126576736","31.3","31.8","31.05","31.05","+","0.05","31.05","15","31.1","7","15.07"
"2007  ","燁興            ","613257","152","4039679","6.59","6.61","6.56","6.6","+","0.05","6.6","7","6.61","28","26.4"
"2008  ","高興昌          ","35999","8","174895","4.86","4.86","4.85","4.85","-","0.01","4.82","2","5","1","0.00"
"2009  ","第一銅          ","494099","194","5402648","11","11","10.85","11","+","0.15","10.95","5","11","118","10.28"
"2010  ","春源            ","1043302","454","14114258","13.65","13.65","13.45","13.45","-","0.15","13.45","61","13.5","16","11.8"
"2012  ","春雨            ","457208","126","4440916","9.8","9.8","9.65","9.69","-","0.03","9.69","2","9.73","5","31.26"
"2013  ","中鋼構          ","364228","185","10048286","27.6","27.8","27.3","27.3","-","0.2","27.3","7","27.4","2","9.22"
"2014  ","中鴻            ","4250055","966","53296465","12.7","12.7","12.45","12.45"," ","0","12.45","154","12.55","287","0.00"
"2015  ","豐興            ","3578637","1427","203240896","56.4","57.4","56.1","56.5","+","0.2","56.3","55","56.5","2","12.28"
"2017  ","官田鋼          ","1016549","313","9161163","9","9.1","8.95","8.95","+","0.05","8.95","1","8.96","15","13.77"
"2020  ","美亞            ","588058","164","10321068","17.7","17.7","17.35","17.7"," ","0","17.45","1","17.7","11","17.35"
"2022  ","聚亨            ","3423343","589","25958958","7.57","7.66","7.53","7.59","+","0.06","7.56","27","7.59","37","12.44"
"2023  ","燁輝            ","2889919","701","32891125","11.4","11.45","11.3","11.4","+","0.05","11.35","185","11.4","185","42.22"
"2024  ","志聯            ","1137190","329","9721304","8.4","8.65","8.4","8.5","+","0.11","8.49","2","8.5","2","5.21"
"2025  ","千興            ","869000","246","4781480","5.55","5.7","5.42","5.5","+","0.01","5.5","18","5.6","25","0.00"
"2027  ","大成鋼          ","1433117","516","25010588","17.5","17.6","17.35","17.4","+","0.1","17.4","2","17.45","14","12.17"
"2028  ","威致            ","803390","170","6011781","7.45","7.55","7.4","7.55","+","0.15","7.52","32","7.55","6","22.21"
"2029  ","盛餘            ","304250","93","5956800","19.75","19.75","19.5","19.55","-","0.15","19.6","1","19.65","14","85"
"2030  ","彰源            ","645779","205","9080226","14.15","14.25","13.9","13.9","-","0.2","13.85","9","13.9","30","14.63"
"2031  ","新光鋼          ","1343090","757","34995690","25.8","26.4","25.8","26.15","+","0.4","26.15","11","26.2","46","11.08"
"2032  ","新鋼            ","254572","122","3548142","14.05","14.2","13.8","13.8","-","0.05","13.75","3","13.8","139","26.04"
"2033  ","佳大            ","118540","47","1443633","12.25","12.3","12.1","12.15","-","0.1","12.1","11","12.2","4","11.15"
"2034  ","允強            ","724155","327","14279600","19.8","19.85","19.6","19.75","+","0.05","19.75","2","19.8","108","21.94"
"2038  ","海光            ","1252004","443","19762162","15.9","16","15.65","15.65"," ","0","15.65","1","15.7","2","12.93"
"2049  ","上銀            ","8818442","6540","2715510636","304","312","303.5","307","+","9","307","57","307.5","32","25.56"
"2059  ","川湖            ","403600","297","42443400","105.5","106.5","103.5","104.5","+","0.5","104","15","104.5","10","17.24"
"2062  ","橋椿            ","111100","52","3247895","29.95","29.95","28.9","29.1","-","0.3","29.1","4","29.25","1","10.1"
"2101  ","南港            ","5004083","2721","244949687","49.5","49.5","48.25","48.25","-","0.35","48.2","79","48.25","5","26.66"
"2102  ","泰豐            ","1048900","399","18098725","17.15","17.35","17.15","17.2","+","0.15","17.2","115","17.25","85","13.76"
"2103  ","台橡            ","4243196","2020","314618904","73.7","74.6","73.6","74","+","0.7","74","9","74.1","71","10.24"
"2104  ","中橡            ","2540450","892","73810992","29","29.3","28.9","28.95","+","0.05","28.95","12","29","25","13.59"
"2105  ","正新            ","8952382","4041","617042293","68","69.6","67.6","68.6","+","1.3","68.6","69","68.8","8","17.82"
"2106  ","建大            ","5353454","1924","204899345","38","38.75","37.6","37.9","+","0.3","37.9","50","37.95","11","8.46"
"2107  ","厚生            ","2221808","873","53828620","24.2","24.4","24","24.15","+","0.15","24.1","1","24.15","42","7"
"2108  ","南帝            ","2384145","907","73865327","30.65","31.3","30.5","30.95","+","0.6","30.9","47","30.95","30","12.95"
"2109  ","華豐            ","1536100","279","13344542","8.64","8.78","8.52","8.78","+","0.13","8.68","5","8.78","103","0.00"
"2114  ","鑫永銓          ","512272","309","32562336","64.5","64.9","63.1","63.3","-","1","63.2","9","63.5","1","9.32"
"2201  ","裕隆            ","14003943","6040","920082912","65.6","66.8","64.5","64.5","-","0.9","64.5","294","64.6","2","25.2"
"2204  ","中華            ","7322985","2858","229793828","31.45","31.85","31","31"," ","0","31","1,024","31.1","80","12.16"
"2206  ","三陽工業        ","8893676","1955","178120644","20.2","20.3","19.85","20","+","0.1","19.95","177","20","224","13.33"
"2207  ","和泰車          ","651116","469","91201356","137.5","142.5","137","140","+","3.5","139.5","4","140","59","14.81"
"2208  ","台船            ","1382461","569","35499063","25.7","25.8","25.55","25.55","+","0.05","25.55","6","25.6","5","7.84"
"2227  ","裕日車          ","630208","423","84723036","134","136.5","132.5","134","-","2","134","14","134.5","4","16.6"
"2231  ","為升            ","84402","72","4075398","47.85","49.5","47.1","48.5","+","0.65","48.5","9","48.75","1","15.85"
"2301  ","光寶科          ","5217890","2035","164637286","31.5","31.8","31.4","31.5"," ","0","31.45","51","31.5","21","9.18"
"2302  ","麗正            ","360044","137","1741615","4.8","4.92","4.78","4.78","+","0.01","4.78","2","4.8","2","0.00"
"2303  ","聯電            ","91132473","11867","1072388619","11.4","12.05","11.35","11.75","+","0.45","11.75","74","11.8","995","6.71"
"2305  ","全友            ","33994","34","143969","4.29","4.38","4.17","4.25","-","0.02","4.18","2","4.25","9","0.00"
"2308  ","台達電          ","7613476","3902","656978236","87.2","87.2","85.3","86","+","1","85.8","3","86","32","15.06"
"2311  ","日月光          ","30859579","8345","811191571","26.6","26.7","25.85","25.85","-","0.15","25.85","105","25.9","30","9.72"
"2312  ","金寶            ","3199735","537","24366880","7.62","7.68","7.53","7.57","-","0.05","7.57","26","7.59","40","54.07"
"2313  ","華通            ","16114036","3592","203648192","12.55","12.95","12.3","12.3","-","0.15","12.3","67","12.35","2","15.38"
"2314  ","台揚            ","5526552","1755","49819170","9.1","9.34","8.8","8.8","-","0.66","--","0","8.8","885","0.00"
"2315  ","神達            ","10545234","2447","116539816","10.9","11.35","10.85","10.85","+","0.1","10.85","67","10.9","124","0.00"
"2316  ","楠梓電          ","3108420","814","57157041","18.3","18.55","18.25","18.3","+","0.2","18.3","28","18.35","39","15"
"2317  ","鴻海            ","110672451","47903","8390498972","76.2","77.5","73.8","74.1","+","0.8","74.1","389","74.2","580","11.28"
"2321  ","東訊            ","98293","42","265700","2.6","2.79","2.6","2.72","+","0.01","2.72","8","2.77","5","0.00"
"2323  ","中環            ","29936310","4115","154894288","5","5.27","4.97","5.16","+","0.23","5.15","112","5.16","170","0.00"
"2324  ","仁寶            ","23995753","7355","714950405","30.8","30.8","29","29.2","-","1.9","29.15","15","29.2","272","8.56"
"2325  ","矽品            ","10612439","3713","284452808","26.8","27.2","26.45","26.7","+","0.25","26.7","150","26.75","75","17.34"
"2327  ","國巨            ","18273623","2666","171804014","9.32","9.5","9.32","9.36","+","0.09","9.36","121","9.38","6","6.5"
"2328  ","廣宇            ","5821334","2917","204124132","35.45","36.2","34.15","34.55","-","0.8","34.5","26","34.55","4","90.92"
"2329  ","華泰            ","1364685","394","8598642","6.25","6.39","6.2","6.36","+","0.12","6.36","18","6.37","3","0.00"
"2330  ","台積電          ","47994636","10282","3322356474","69.4","69.8","68.6","68.6","-","0.8","68.6","1,454","68.7","12","11.12"
"2331  ","精英            ","3493086","846","27616618","8.08","8.08","7.82","7.82","-","0.03","7.82","78","7.84","2","0.00"
"2332  ","友訊            ","2849529","888","67131175","23.3","23.9","23.25","23.45","+","0.25","23.45","3","23.5","31","12.21"
"2337  ","旺宏            ","33507229","7351","413073069","12.35","12.65","12","12.05","-","0.15","12","1,201","12.05","69","7.44"
"2338  ","光罩            ","484196","194","4976994","10.2","10.45","10.2","10.25","+","0.05","10.25","56","10.35","30","16.02"
"2340  ","光磊            ","4522383","1492","57335495","12.45","12.9","12.2","12.45","+","0.35","12.45","71","12.5","53","10.64"
"2342  ","茂矽            ","2586103","3680","13039488","5.12","5.12","4.93","4.95","+","0.03","4.95","17","4.96","13","0.00"
"2344  ","華邦電          ","17107688","4280","104899733","6.21","6.29","6","6","-","0.14","6","194","6.03","196","9.52"
"2345  ","智邦            ","2172458","759","30071922","13.9","14","13.65","13.65","-","0.25","13.65","58","13.7","6","10.66"
"2347  ","聯強            ","6152377","2436","457249421","74","75.5","73.3","73.3","-","0.2","73.2","10","73.3","4","18.1"
"2348  ","海悅            ","1991","4","4479","2.3","2.3","2.3","2.3","+","0.11","2.08","1","2.3","1","13.53"
"2349  ","錸德            ","25363861","4209","142769452","5.48","5.77","5.46","5.55","+","0.13","5.54","16","5.55","35","0.00"
"2351  ","順德            ","1033416","469","24051484","22.8","23.9","22.7","23.4","+","0.7","23.3","2","23.4","4","9.03"
"2352  ","佳世達          ","20702422","4473","172437712","8.25","8.49","8.14","8.15","+","0.12","8.15","55","8.19","31","271.67"
"2353  ","宏碁            ","43147765","15179","1500150658","35.15","35.9","33.7","33.8","-","1.2","33.8","28","33.85","28","35.21"
"2354  ","鴻準            ","15932120","7643","1653773360","105","106","102","102.5","-","0.5","102.5","67","103","142","14.14"
"2355  ","敬鵬            ","452300","201","8463732","18.85","18.9","18.5","18.6","-","0.25","18.6","22","18.7","5","9.12"
"2356  ","英業達          ","7927793","2054","88175473","10.95","11.25","10.95","11.05","+","0.1","11.05","388","11.1","20","17.27"
"2357  ","華碩            ","9887963","6031","2506777695","252","258","250","251","+","6","251","31","251.5","13","12.4"
"2358  ","廷鑫            ","501205","206","4289889","8.28","8.69","8.18","8.69","+","0.56","8.69","390","--","0","0.00"
"2359  ","所羅門          ","261981","121","2722350","10.35","10.5","10.3","10.35","+","0.05","10.35","22","10.45","3","20.29"
"2360  ","致茂            ","1280515","850","93259265","73.2","73.8","71.7","71.7","-","1.5","71.7","11","72","2","14.66"
"2361  ","鴻友            ","34928","19","81901","2.34","2.39","2.34","2.39","+","0.05","2.32","10","2.4","2","5.43"
"2362  ","藍天            ","2378185","1425","112874955","47.5","48","46.8","46.8","-","0.2","46.8","1","47","64","26.74"
"2363  ","矽統            ","2649348","810","33386157","12.4","12.85","12.4","12.5","+","0.1","12.5","705","12.55","14","0.00"
"2364  ","倫飛            ","1139968","221","3948191","3.38","3.6","3.38","3.4","+","0.02","3.4","1","3.41","1","0.00"
"2365  ","昆盈            ","1698315","496","22817988","13.1","13.7","13.05","13.35","+","0.3","13.35","7","13.4","38","16.28"
"2367  ","燿華            ","6714665","1563","95173210","14.2","14.4","14","14","-","0.15","14","224","14.05","11","13.46"
"2368  ","金像電          ","4072236","2077","40679090","9.9","10.2","9.85","9.85"," ","0","9.85","27","9.89","14","98.5"
"2369  ","菱生            ","2947847","1126","47646414","16.3","16.5","15.9","15.9","-","0.4","15.85","63","15.9","50","9.41"
"2371  ","大同            ","20408871","3973","261370105","12.65","13.05","12.55","12.8","+","0.3","12.75","520","12.8","139","0.00"
"2373  ","震旦行          ","258772","143","13781828","53.5","53.8","52.7","52.8","-","0.7","52.8","2","53.2","14","18.46"
"2374  ","佳能            ","2085655","981","63016075","30.2","30.45","30.05","30.1"," ","0","30.1","51","30.15","40","9.35"
"2375  ","智寶            ","627388","211","3212478","5.03","5.19","5.03","5.12","+","0.12","5.12","17","5.13","10","0.00"
"2376  ","技嘉            ","1406463","744","39768882","28.5","28.55","28","28.15","-","0.35","28.1","33","28.15","5","8.82"
"2377  ","微星            ","2432521","631","32988129","13.7","13.7","13.45","13.6","-","0.05","13.55","73","13.6","54","35.79"
"2379  ","瑞昱            ","3143176","1722","142399860","45.9","46.15","44.4","44.4","-","0.85","44.4","19","44.5","15","16.38"
"2380  ","虹光            ","744478","287","9569667","12.85","13.1","12.55","12.55","-","0.25","12.55","10","12.65","16","54.57"
"2382  ","廣達            ","27774924","7839","1632969486","58.7","60.5","57.6","57.9","-","0.8","57.9","85","58","873","11.56"
"2383  ","台光電          ","4210427","1420","96490253","22.9","23.3","22.6","22.7","+","0.05","22.7","17","22.8","92","6.47"
"2384  ","勝華            ","51859728","15521","1339294008","25.95","26.4","25.25","25.4","+","0.4","25.4","238","25.45","62","15.03"
"2385  ","群光            ","3111425","1541","155502521","50.5","50.7","49.1","49.3","-","0.6","49.25","1","49.3","9","7.63"
"2387  ","精元            ","264000","147","6238600","23.8","24.2","23.4","23.4","-","0.4","23.4","7","23.5","4","12.38"
"2388  ","威盛            ","3976260","1603","113159811","28.1","28.9","28.1","28.55","+","0.5","28.5","120","28.55","10","0.00"
"2390  ","云辰            ","394100","132","2932051","7.41","7.5","7.34","7.35","-","0.05","7.35","2","7.38","2","0.00"
"2392  ","正崴            ","42918848","20671","3387969651","83.5","83.5","75.8","75.8","-","5.7","--","0","75.8","6,903","14.44"
"2393  ","億光            ","8560072","4227","474304488","55.2","56.9","54.2","54.4","+","0.2","54.4","51","54.6","1","12.74"
"2395  ","研華            ","2279509","1333","192469950","83.7","86","82.5","84.5","+","1","84.5","17","84.6","1","13.41"
"2397  ","友通            ","166376","66","4103729","24.75","24.8","24.5","24.65","+","0.3","24.55","4","24.65","6","17"
"2399  ","映泰            ","1003125","353","15114698","15.3","15.3","14.95","15","-","0.4","14.95","1","15","6","11.9"
"2401  ","凌陽            ","2299978","731","30251764","13.25","13.3","12.95","13","-","0.25","13","25","13.1","11","65"
"2402  ","毅嘉            ","2572664","598","33071065","13","13.05","12.6","12.7","-","0.25","12.7","21","12.8","17","0.00"
"2404  ","漢唐            ","921675","437","26826693","29.2","29.5","28.85","28.9","-","0.35","28.9","43","29","9","6.51"
"2405  ","浩鑫            ","1156790","368","12418054","10.4","10.95","10.4","10.5","+","0.25","10.5","20","10.55","5","0.00"
"2406  ","國碩            ","2720908","1160","77833415","28.4","29","28.05","28.2","+","0.25","28.2","42","28.25","4","11.9"
"2408  ","南亞科          ","17808163","3227","88936241","5.2","5.23","4.9","4.9","-","0.36","--","0","4.9","2,303","0.00"
"2409  ","友達            ","150326464","20978","2151805946","13.95","14.7","13.9","14","+","0.2","13.95","745","14","907","0.00"
"2412  ","中華電          ","20042463","6410","2003884800","100.5","101","99.4","100","+","0.1","99.9","5","100","135","16.23"
"2413  ","環科            ","305050","109","3288830","10.7","10.85","10.7","10.7","+","0.1","10.65","12","10.7","12","48.64"
"2414  ","精技            ","182494","106","2382422","13.1","13.15","13","13.05","+","0.05","13.05","4","13.1","21","11.15"
"2415  ","錩新            ","198159","77","2280796","11.7","11.7","11.25","11.5"," ","0","11.5","12","11.55","11","0.00"
"2417  ","圓剛            ","1400398","415","38370900","27.4","27.4","27.4","27.4","+","1.75","27.4","5,811","--","0","6.67"
"2419  ","仲琦            ","3442060","1168","67829052","19.5","19.9","19.2","19.2","-","0.4","19.2","17","19.3","12","10.67"
"2420  ","新巨            ","2258867","1102","48395277","21.2","21.85","21.1","21.35","+","0.8","21.35","21","21.4","6","9.66"
"2421  ","建準            ","1678297","655","45767348","27.85","28","26.5","26.5","-","1.25","26.5","39","26.6","10","13.18"
"2423  ","固緯            ","222308","155","4870496","22.1","22.2","21.7","21.7","-","0.1","21.7","6","21.75","3","8.79"
"2424  ","隴華            ","15380","14","213179","13.95","14","13.4","14","+","0.5","13.4","2","13.7","2","0.00"
"2425  ","承啟            ","333614","109","2416228","7.26","7.34","7.21","7.23","-","0.03","7.23","5","7.3","8","0.00"
"2426  ","鼎元            ","1676776","693","21030375","12.35","12.85","12.25","12.45","+","0.1","12.35","37","12.45","32","40.16"
"2427  ","三商電          ","11251843","3549","193897799","16.6","17.5","16.6","17.5","+","1.1","17.5","464","--","0","60.34"
"2428  ","興勤            ","789160","329","22148199","27.95","28.5","27.8","27.8","-","0.3","27.8","19","27.9","22","7.49"
"2429  ","銘旺科          ","3000","3","8010","2.67","2.67","2.67","2.67","+","0.17","--","0","--","0","0.00"
"2430  ","燦坤            ","1566044","877","110122543","69.5","71.4","69.2","69.3","+","0.1","69.3","10","69.5","7","10.98"
"2431  ","聯昌            ","182729","79","1542113","8.43","8.57","8.3","8.45","+","0.02","8.44","2","8.45","5","0.00"
"2433  ","互盛電          ","184000","88","6098300","33.5","33.8","32.7","33","-","0.3","32.75","10","33","2","8.68"
"2434  ","統懋            ","509320","208","4428035","8.4","8.85","8.4","8.85","+","0.5","8.69","1","8.85","11","0.00"
"2436  ","偉詮電          ","1971424","901","34718576","17.9","17.95","17.35","17.5","-","0.25","17.45","7","17.5","1","38.04"
"2437  ","旺詮            ","281315","185","11808165","41.8","42.95","41","41","-","0.3","41","2","41.3","6","6.41"
"2438  ","翔耀            ","47098","20","175574","3.42","3.8","3.42","3.75","+","0.09","3.53","1","3.7","3","0.00"
"2439  ","美律            ","571832","364","17836431","31.5","31.5","30.65","30.8","-","0.15","30.8","2","30.95","10","13.63"
"2440  ","太空梭          ","63000","33","430150","6.75","6.91","6.75","6.86"," ","0","6.81","1","6.87","2","0.00"
"2441  ","超豐            ","987885","455","20737480","20.85","21.3","20.8","20.95","+","0.05","20.9","5","20.95","17","10.17"
"2442  ","新美齊          ","3646606","548","26205175","6.9","7.28","6.85","7.09","+","0.28","7.07","2","7.09","5","2.82"
"2443  ","新利虹          ","1233491","239","3310870","2.73","2.73","2.65","2.69","+","0.01","2.68","8","2.69","8","0.00"
"2444  ","友旺            ","210770","82","1108506","5.2","5.34","5.2","5.27","+","0.15","5.26","5","5.28","1","0.00"
"2448  ","晶電            ","12014586","6225","751605323","62.5","64.8","60.7","60.7","-","1.3","60.6","119","60.7","7","12.49"
"2449  ","京元電子        ","10859378","2248","124878642","11.35","11.7","11.25","11.4","+","0.1","11.35","128","11.4","113","11.63"
"2450  ","神腦            ","2368024","1653","298464428","126","129","123","123","-","2.5","122.5","23","123","20","25.1"
"2451  ","創見            ","711283","572","47563084","65.1","68.2","65.1","68.2","+","1.7","68.2","1","68.3","10","14.64"
"2453  ","凌群            ","190000","80","1902100","9.9","10.1","9.9","9.99","+","0.14","9.98","8","10","9","19.21"
"2454  ","聯發科          ","14739286","9969","4354759440","294.5","300.5","290","290","-","1.5","290","110","290.5","1","18.3"
"2455  ","全新            ","3520867","1510","141031670","40.5","40.9","39.3","39.6","-","0.6","39.5","55","39.6","1","19.7"
"2456  ","奇力新          ","1033681","375","16292891","15.8","15.9","15.5","15.55","-","0.05","15.5","21","15.55","5","9.42"
"2457  ","飛宏            ","3903831","1958","165350490","42.2","43.2","41.5","41.65","-","0.1","41.65","6","41.7","10","6.53"
"2458  ","義隆            ","4673535","2182","145198036","31.5","31.75","30.2","31","-","0.35","30.9","1","31","9","23.48"
"2459  ","敦吉            ","407183","200","11769268","29","29.2","28.55","28.8"," ","0","28.8","7","28.85","10","7.98"
"2460  ","建通            ","213815","104","3543643","16.4","16.7","16.4","16.6","+","0.2","16.55","21","16.65","30","12.77"
"2461  ","光群雷          ","404974","172","4379170","10.7","10.95","10.65","10.75","+","0.05","10.7","12","10.8","13","0.00"
"2462  ","良得電          ","201127","99","4857383","24.3","24.35","24","24.2","+","0.1","24.2","3","24.25","5","9.6"
"2464  ","盟立            ","1112931","602","31625491","28.75","28.8","28.05","28.15","-","0.45","28.15","6","28.2","19","9.57"
"2465  ","麗臺            ","284000","119","1462420","5.1","5.24","5.05","5.1"," ","0","5.07","6","5.1","2","34"
"2466  ","冠西電          ","173513","96","4537018","26.5","26.65","25.5","26.6","-","0.1","26.6","8","26.7","30","147.78"
"2467  ","志聖            ","2648100","948","59326470","22.3","22.8","21.9","21.9","-","0.15","21.9","14","22","4","7.4"
"2468  ","華經            ","473488","186","6566249","13.9","14.2","13.7","13.8","+","0.05","13.75","6","13.9","3","17.69"
"2471  ","資通            ","1259100","581","25523900","20.15","20.8","19.85","20.1"," ","0","20.1","1","20.2","1","24.22"
"2472  ","立隆電          ","587400","219","11042689","19.15","19.15","18.65","18.7","-","0.2","18.65","6","18.7","21","14.61"
"2473  ","思源            ","2628390","1178","81190194","31","31.2","30.5","30.5","-","0.45","30.5","23","30.55","1","13.03"
"2474  ","可成            ","17028328","10309","3855677808","227.5","232","220.5","220.5","-","7","220.5","66","221","1","21.83"
"2475  ","華映            ","18611135","2370","49169790","2.62","2.7","2.58","2.58"," ","0","2.58","393","2.59","10","0.00"
"2476  ","鉅祥            ","449819","211","8019598","17.7","18.15","17.5","17.6"," ","0","17.5","14","17.6","7","12.05"
"2477  ","美隆電          ","268300","65","3343034","12.45","12.55","12.35","12.45"," ","0","12.35","36","12.45","22","22.64"
"2478  ","大毅            ","185994","140","3960768","21.5","21.7","21.1","21.1","-","0.35","21.1","2","21.15","4","14.96"
"2480  ","敦陽科          ","3711820","1661","117564273","32.2","32.2","31.1","31.15","-","0.55","31.15","27","31.2","2","14.49"
"2481  ","強茂            ","9102787","2814","173847665","18.7","19.4","18.6","18.7","+","0.05","18.65","43","18.7","13","7.48"
"2482  ","連宇            ","500373","167","5422127","10.8","11","10.7","10.85","+","0.05","10.8","10","10.85","11","31.91"
"2483  ","百容            ","245000","74","3127100","12.5","12.9","12.5","12.85","+","0.25","12.75","6","12.85","6","44.31"
"2484  ","希華            ","725617","264","7668502","10.7","10.9","10.35","10.4","-","0.1","10.35","10","10.4","35","0.00"
"2485  ","兆赫            ","1690197","863","56226290","33","33.7","32.9","33","+","0.15","33","39","33.05","1","12.55"
"2486  ","一詮            ","1228670","476","18818865","15.3","15.5","15.1","15.25","+","0.2","15.2","30","15.25","2","127.08"
"2488  ","漢平            ","116115","31","1503245","12.9","13","12.9","12.9"," ","0","12.85","5","12.9","8","10.4"
"2489  ","瑞軒            ","4931936","1395","85066035","17.05","17.55","17","17.3","+","0.25","17.2","5","17.3","241","7.21"
"2491  ","吉祥全          ","351950","74","1609662","4.55","4.8","4.43","4.55","+","0.01","4.55","161","4.65","1","2.5"
"2492  ","華新科          ","2524049","578","26678804","10.55","10.75","10.4","10.5","+","0.05","10.45","22","10.5","85","15.91"
"2493  ","揚博            ","1723165","603","34795382","20.2","20.5","19.8","19.95"," ","0","19.95","27","20","23","7.61"
"2495  ","普安            ","713883","421","21926517","30.85","31.15","30.3","30.3","-","0.45","30.3","3","30.35","10","16.56"
"2496  ","卓越            ","12000","5","48150","3.96","4.21","3.96","4.21","+","0.25","4.01","1","4.18","1","0.00"
"2497  ","怡利電          ","61000","35","1546750","25.5","25.5","25.15","25.4","+","0.35","25.15","7","25.4","4","24.66"
"2498  ","宏達電          ","7607357","5983","5917297182","771","791","766","766","+","10","766","61","768","1","11.33"
"2499  ","東貝            ","4770886","1934","125442559","26.25","26.8","25.9","26","X","0","26","25","26.05","25","30.59"
"2501  ","國建            ","2284123","749","29957486","13","13.3","12.95","13","-","0.1","13","42","13.05","23","46.43"
"2504  ","國產            ","5093634","1342","70503076","13.65","13.95","13.5","13.8","+","0.35","13.8","13","13.85","70","20.6"
"2505  ","國揚            ","2228350","643","34895946","15.6","16","15.45","15.6","+","0.1","15.6","45","15.65","59","43.33"
"2506  ","太設            ","441604","79","2029153","4.6","4.7","4.48","4.62","-","0.02","4.54","5","4.62","1","1.67"
"2509  ","全坤建          ","456978","172","9878677","21.4","21.8","21.4","21.5"," ","0","21.5","1","21.6","15","6.27"
"2511  ","太子            ","9967471","4059","273813506","27.3","28.15","26.5","28","+","0.6","27.95","15","28","6","11.67"
"2514  ","龍邦            ","816326","186","9397947","11.35","11.6","11.3","11.6"," ","0","11.6","51","11.65","2","5.8"
"2515  ","中工            ","6419631","1471","55452388","8.55","8.71","8.55","8.62","+","0.07","8.61","35","8.62","66","23.94"
"2516  ","新建            ","2148091","446","22252155","10.2","10.5","10.2","10.4","+","0.1","10.35","35","10.4","18","5.5"
"2520  ","冠德            ","6163500","2147","119974150","19.25","19.7","19","19.25","+","0.25","19.25","60","19.3","72","10.29"
"2524  ","京城            ","444587","220","10498038","23.5","23.85","23.3","23.8","+","0.6","23.65","1","23.8","3","6.94"
"2527  ","宏璟            ","1135100","408","17975680","15.95","15.95","15.6","15.85","+","0.1","15.85","12","15.9","41","7.73"
"2528  ","皇普            ","5182","7","79325","16.65","16.65","14.7","15.7","+","0.1","15.25","5","15.3","4","0.00"
"2530  ","華建            ","1263285","423","14089570","11","11.4","11","11.2","+","0.25","11.15","1","11.2","22","5.41"
"2534  ","宏盛            ","1369000","454","19845199","14.45","14.7","14.35","14.35","-","0.15","14.35","39","14.4","53","47.83"
"2535  ","達欣工          ","384802","189","6656173","17.4","17.5","17.15","17.3","-","0.1","17.15","24","17.3","21","8.12"
"2536  ","宏普            ","1944700","946","53142949","26.8","27.6","26.8","27.3","+","0.5","27.3","10","27.5","17","13.06"
"2537  ","聯上發          ","12000","8","180800","15.1","15.2","14.9","15.2","+","0.1","14.9","1","15.2","5","17.27"
"2538  ","基泰            ","3295338","1091","53942630","16.3","16.6","16.15","16.25","+","0.05","16.25","28","16.3","18","10.35"
"2539  ","櫻花建          ","10006","11","215782","21.7","21.7","21.5","21.5","-","0.2","21.6","1","21.95","8","13.35"
"2540  ","愛山林          ","3330","6","22023","6.33","7.2","6.33","7.2","X","0","--","0","--","0","0.00"
"2542  ","興富發          ","4537810","2363","258309670","57","57.5","56.5","56.7","+","0.8","56.6","39","56.7","33","5.16"
"2543  ","皇昌            ","304812","80","2198994","7.23","7.34","7.11","7.11","-","0.12","7.12","4","7.18","31","0.00"
"2545  ","皇翔            ","3274665","1674","210203823","63","65.1","63","64.9","+","2.2","64.8","3","64.9","30","14.36"
"2546  ","根基            ","385067","153","7800603","20.2","20.65","19.65","20"," ","0","19.85","1","20","7","7.78"
"2547  ","日勝生          ","4368226","1780","124864077","28.5","28.8","28.3","28.45","+","0.3","28.45","5","28.5","14","4.61"
"2548  ","華固            ","2214699","1297","158425440","70.5","73","70.1","71.6","+","1.7","71.6","32","71.7","5","5.98"
"2597  ","潤弘            ","457000","121","12011500","26.3","26.75","26","26.3","+","0.1","26.25","10","26.3","1","0.00"
"2601  ","益航            ","2870535","1566","188379039","64","66.5","64","65.8","+","2.3","65.8","1","65.9","8","16.83"
"2603  ","長榮            ","30560681","6035","502677946","16.3","16.65","16.3","16.35","X","0","16.35","201","16.4","94","4.54"
"2605  ","新興            ","1191244","562","35656170","30.1","30.2","29.65","29.7"," ","0","29.65","31","29.7","27","9.22"
"2606  ","裕民            ","3073854","1878","147047912","48.5","48.75","47","47.25","-","1.05","47.25","2","47.3","5","10.5"
"2607  ","榮運            ","2669900","836","52200554","19.7","19.75","19.45","19.45","+","0.05","19.45","34","19.5","22","24.31"
"2608  ","大榮            ","1504404","497","49940551","33.7","34.5","32.8","32.8","-","0.75","32.8","9","33","8","23.26"
"2609  ","陽明            ","26580594","6742","424165110","15.6","16.3","15.6","16.05","+","0.5","16.05","262","16.1","145","6.37"
"2610  ","華航            ","17254656","4001","270506093","15.4","15.9","15.4","15.4"," ","0","15.4","517","15.5","93","16.74"
"2611  ","志信            ","97099","41","1087828","11.2","11.35","11.15","11.15","-","0.05","11.15","7","11.2","9","0.00"
"2612  ","中航            ","1179200","481","55746600","46.5","48.1","46.5","47.2","+","1.05","47.15","1","47.2","8","7.09"
"2613  ","中櫃            ","222000","119","3749700","16.9","17","16.75","16.8","+","0.15","16.75","4","16.8","3","12.82"
"2614  ","東森            ","1753189","350","8472782","4.83","4.87","4.8","4.8","+","0.02","4.8","16","4.83","50","0.00"
"2615  ","萬海            ","1205393","590","19671692","16.4","16.55","16.05","16.1","-","0.2","16.05","127","16.15","4","9.25"
"2616  ","山隆            ","227097","79","3935477","17.3","17.5","17.25","17.35","+","0.1","17.35","5","17.4","8","8.76"
"2617  ","台航            ","323600","191","9158730","28.6","28.7","28.05","28.05","-","0.15","28.05","29","28.2","6","10.51"
"2618  ","長榮航          ","16907837","4703","364606668","21.5","21.85","21.25","21.25","+","0.05","21.25","61","21.3","3","8.82"
"2637  ","慧洋-KY         ","372568","193","14803091","40","40","39.2","39.6","-","0.4","39.55","6","39.6","25","11.68"
"2701  ","萬企            ","968617","351","15324529","15.4","16.15","15.3","15.5","+","0.1","15.5","13","15.6","7","30.39"
"2702  ","華園            ","174100","88","4157430","23.9","24","23.5","23.95","-","0.25","23.75","3","23.95","2","23.48"
"2704  ","國賓            ","1701831","748","55769770","32.35","33.15","32.3","32.8","+","0.5","32.8","5","32.85","4","44.32"
"2705  ","六福            ","1322052","395","22739294","17.2","17.2","17.2","17.2","+","1.1","17.2","9,539","--","0","7.71"
"2706  ","第一店          ","316634","163","7739018","24.2","24.75","24.05","24.5","+","0.3","24.4","2","24.5","1","34.03"
"2707  ","晶華            ","184644","188","87088392","469.5","475","466.5","470.5","+","1","470.5","12","471","2","33.82"
"2723  ","美食-KY         ","139105","58","28513420","207","207","203","205","-","1","205","50","206","3","29.8"
"2801  ","彰銀            ","35843964","8146","787008364","21.65","22.2","21.65","21.85","+","0.4","21.8","205","21.85","43","13.49"
"2809  ","京城銀          ","11836563","2972","247794490","20.8","21.5","20.45","20.65","+","0.15","20.65","18","20.7","130","9.3"
"2812  ","台中銀          ","8460809","2819","92889357","10.85","11.1","10.8","10.9","X","0","10.9","197","10.95","125","21.37"
"2816  ","旺旺保          ","1611663","698","27792521","17.1","17.6","16.95","17","-","0.1","17","24","17.1","27","0.00"
"2820  ","華票            ","4528271","753","45736935","10.1","10.2","10","10.05","-","0.05","10.05","1","10.1","179","8.82"
"2823  ","中壽            ","30249297","9925","1139501993","37.8","38.1","37","37.25","+","0.25","37.2","93","37.25","41","15.33"
"2832  ","台產            ","512723","244","11964693","23.2","23.5","23.1","23.2"," ","0","23.15","11","23.2","2","8.11"
"2833  ","台壽保          ","4453246","1819","115363260","25.3","26.3","25","26.3","+","1.7","26.3","419","--","0","9.2"
"2833A ","台壽甲          ","14000","10","473250","33.85","33.85","33.8","33.8"," ","0","33.75","18","33.8","11","0.00"
"2834  ","臺企銀          ","23146329","3666","242153325","10.3","10.7","10.25","10.45","+","0.25","10.4","224","10.45","298","14.32"
"2836  ","高雄銀          ","1090139","341","12152519","11.15","11.25","11","11.05","+","0.15","11.05","44","11.1","10","0.00"
"2837  ","萬泰銀          ","589565","180","3645863","6.2","6.25","6.12","6.17","+","0.01","6.17","10","6.18","1","0.00"
"2838  ","聯邦銀          ","2026645","557","22969645","11.35","11.5","11","11","-","0.25","11","91","11.05","73","11"
"2841  ","台開            ","6159894","1604","86451562","14","14.3","13.9","13.9","-","0.1","13.9","22","13.95","43","8.63"
"2845  ","遠東銀          ","8033449","1617","111828418","13.75","14.2","13.75","13.75","+","0.1","13.75","171","13.8","93","11.55"
"2847  ","大眾銀          ","4304057","1071","41476240","9.5","9.89","9.45","9.6","+","0.21","9.59","10","9.6","43","11.29"
"2849  ","安泰銀          ","666035","309","8885006","13.55","13.65","13.1","13.1","-","0.45","13.1","31","13.2","96","6.3"
"2850  ","新產            ","763501","293","13619341","17.7","18.2","17.65","17.85","+","0.3","17.85","10","17.95","2","15.13"
"2851  ","中再保          ","270160","130","4024628","14.85","15","14.8","14.9","+","0.1","14.9","45","15","27","12.11"
"2852  ","第一保          ","633000","204","10461400","16.35","16.8","16.35","16.8","+","0.45","16.6","6","16.8","25","6.94"
"2854  ","寶來證          ","10856689","2291","226173168","20.75","20.95","20.7","20.75","+","0.05","20.75","611","20.8","13","19.39"
"2855  ","統一證          ","1449975","582","25039570","17.05","17.5","16.9","17.1","+","0.1","17.1","4","17.15","15","11.4"
"2856  ","元富證          ","2029929","404","23472184","11.55","11.7","11.4","11.5","+","0.05","11.5","133","11.55","99","12.23"
"2880  ","華南金          ","11536049","2564","235319282","20.1","20.7","20.1","20.25","+","0.1","20.25","86","20.3","53","20.88"
"2881  ","富邦金          ","31782898","8254","1333678116","41.8","42.3","41.5","41.9","+","0.6","41.9","4","41.95","531","15.02"
"2882  ","國泰金          ","54450839","15892","2108571229","37.45","39.5","37.35","38.45","+","1.45","38.4","431","38.45","73","32.58"
"2883  ","開發金          ","74093930","13068","736069741","9.55","10.1","9.52","9.98","+","0.52","9.97","8","9.98","362","13.13"
"2884  ","玉山金          ","40813373","9698","713994228","16.95","17.85","16.95","17.55","+","0.6","17.5","52","17.55","260","16.88"
"2885  ","元大金          ","39685584","6127","687734784","17.2","17.5","17.1","17.3","+","0.3","17.25","526","17.3","429","9.01"
"2886  ","兆豐金          ","60845375","13454","1590892850","25.8","26.5","25.75","25.8","+","0.15","25.8","186","25.85","42","17.2"
"2887  ","台新金          ","44584260","7199","602440961","13.4","13.7","13.35","13.4","+","0.3","13.4","765","13.45","75","5.02"
"2887C ","新丙特          ","0","0","0","--","--","--","--"," ","0","32.5","22","32.65","4","0.00"
"2888  ","新光金          ","95887617","11135","1005197786","10.2","10.85","10.1","10.4","+","0.15","10.4","667","10.45","1,808","10.3"
"2889  ","國票金          ","4232860","980","52236474","12.25","12.5","12.25","12.25"," ","0","12.25","338","12.3","10","8.33"
"2890  ","永豐金          ","17951043","2683","202551513","11.15","11.5","11.1","11.2","+","0.1","11.2","28","11.25","525","12.31"
"2891  ","中信金          ","40932014","5834","980059544","23.85","24.25","23.7","23.75","+","0.05","23.75","494","23.8","656","13.34"
"2892  ","第一金          ","54458570","9827","1244480706","22.5","23.15","22.5","22.8","+","0.5","22.75","132","22.8","94","19.66"
"2901  ","欣欣            ","44000","23","1107200","25.6","25.6","25.05","25.35","+","0.15","25.1","4","25.35","1","87.41"
"2903  ","遠百            ","8433529","3652","454089138","53.5","54.6","53","53.7","-","0.2","53.7","33","53.8","80","25.21"
"2904  ","匯僑            ","1435355","679","29933705","21.15","21.25","20.4","20.5","-","0.6","20.5","13","20.55","1","4.85"
"2905  ","三商            ","3821204","1291","130494109","34.15","34.15","34.15","34.15","+","2.2","34.15","1,225","--","0","11.74"
"2906  ","高林            ","1516099","445","24971258","16.6","16.6","16.25","16.25","-","0.15","16.25","23","16.35","5","10.69"
"2908  ","特力            ","2988010","1048","69802429","23.15","23.6","23.05","23.05","+","0.05","23.05","45","23.1","8","20.22"
"2910  ","統領            ","53040","43","1332504","25.2","25.7","24.7","25.3","-","0.4","25.1","1","25.3","12","33.73"
"2911  ","麗嬰房          ","1396356","843","44508830","31.6","32.25","31.6","31.65","+","0.15","31.65","5","31.7","3","24.35"
"2912  ","統一超          ","4559439","2916","873397052","189","195","188.5","192","+","7","191.5","69","192","53","32.21"
"2913  ","農林            ","4571658","1445","80865938","17.85","17.9","17.55","17.55","-","0.1","17.55","61","17.6","19","47.43"
"2915  ","潤泰全          ","12921037","5465","676817330","51.8","53.1","51.7","52.1","+","1.1","52","62","52.1","14","28.78"
"3002  ","歐格            ","47861","27","518712","10.9","11","10.7","10.85","+","0.05","10.8","2","10.9","3","20.87"
"3003  ","健和興          ","42190","35","882090","21.2","21.2","20.75","20.9","-","0.15","20.9","9","21","11","14.51"
"3004  ","豐達科          ","61100","42","1489060","24.3","25","24.05","24.55","+","0.35","24.05","2","24.55","4","6.02"
"3005  ","神基            ","29703147","7673","544198874","18.3","18.85","17.85","17.85","X","0","17.85","18","17.9","259","20.06"
"3006  ","晶豪科          ","2738948","1390","85073357","31.1","31.6","30.25","30.55","-","0.5","30.5","8","30.55","5","0.00"
"3008  ","大立光          ","1521527","1463","1296901261","840","867","840","843","+","14","842","1","844","1","24.37"
"3010  ","華立            ","829336","476","37105618","44.8","45.5","44.05","44.1","-","0.35","44.05","6","44.1","1","7.46"
"3011  ","今皓            ","488000","177","3601640","7.2","7.59","7.13","7.4","+","0.2","7.29","2","7.4","1","0.00"
"3013  ","晟銘電          ","5387420","2083","151879687","27.2","28.6","27.2","27.5","+","0.75","27.4","1","27.5","16","0.00"
"3014  ","聯陽            ","3727756","1941","147598229","40.2","40.8","38.5","38.65","-","1.15","38.65","5","38.7","3","36.46"
"3015  ","全漢            ","1276808","405","31671522","23.95","25.4","23.55","24.8","+","0.85","24.75","1","24.85","1","9.96"
"3016  ","嘉晶            ","1083139","612","20040692","18.15","18.95","17.9","18.4","+","0.25","18.2","1","18.4","2","18.78"
"3017  ","奇鋐            ","3539784","1045","86245370","24.5","24.65","24.1","24.65","+","0.35","24.6","14","24.65","10","9.67"
"3018  ","同開            ","7000","5","109100","15.6","15.7","15.55","15.55","+","0.05","15.55","1","15.95","1","12.85"
"3019  ","亞光            ","4827734","2471","176017165","36.3","37.2","35.45","35.45","-","0.85","35.45","56","35.5","6","0.00"
"3021  ","鴻名            ","10556","7","102103","9.62","9.86","9.62","9.86","+","0.25","9.64","2","9.9","6","6.44"
"3022  ","威強電          ","2497000","1149","104378800","42.3","42.45","41.1","41.2","-","0.7","41.15","20","41.25","14","7.83"
"3023  ","信邦            ","388100","191","7488399","19.35","19.45","19.2","19.2","-","0.05","19.15","4","19.2","4","9.46"
"3024  ","憶聲            ","2648303","543","27565431","10.55","10.55","10.3","10.5","+","0.05","10.45","21","10.5","6","0.00"
"3025  ","星通            ","394500","124","3591629","9.02","9.17","9.02","9.12","+","0.12","9.11","45","9.12","3","0.00"
"3026  ","禾伸堂          ","641989","342","18187934","28.3","28.6","28.05","28.2"," ","0","28.1","4","28.2","3","11.33"
"3027  ","盛達            ","536000","236","6064100","11.3","11.6","11.15","11.25","-","0.05","11.2","6","11.25","1","0.00"
"3028  ","增你強          ","669030","296","13303253","19.9","20","19.7","19.7","-","0.05","19.7","38","19.75","14","7.79"
"3029  ","零壹            ","696000","364","12451800","18.2","18.2","17.5","17.8","+","0.3","17.7","1","17.8","4","24.72"
"3030  ","德律            ","1220105","656","46523583","38.6","38.65","37.65","37.65","-","0.55","37.6","35","37.65","9","9.14"
"3031  ","佰鴻            ","959546","460","17188628","18.25","18.25","17.55","18","+","0.35","17.95","4","18","11","19.57"
"3032  ","偉訓            ","120000","47","1131300","9.4","9.5","9.33","9.45","+","0.05","9.41","6","9.45","24","16.58"
"3033  ","威健            ","405903","191","9736839","24.1","24.1","23.8","23.8","-","0.2","23.75","2","23.8","10","7.8"
"3034  ","聯詠            ","7714848","4268","586853452","76.4","78","73.5","73.7","-","2.3","73.7","6","73.9","5","10.84"
"3035  ","智原            ","4252134","2062","122743004","29.45","29.5","28.25","28.45","-","0.65","28.4","19","28.45","22","22.23"
"3036  ","文曄            ","2337308","1387","115777597","49.3","50.4","49.05","49.05","+","0.2","49.05","12","49.15","2","9.15"
"3037  ","欣興            ","9813507","3696","417885397","42.3","43.2","41.6","41.65","-","0.3","41.65","1","41.7","18","10.87"
"3038  ","全台            ","664113","234","4546151","6.8","6.99","6.74","6.78","+","0.03","6.78","1","6.8","2","0.00"
"3040  ","遠見            ","109377","42","1616754","14.8","15","14.6","14.6","-","0.2","14.6","37","14.8","12","63.48"
"3041  ","揚智            ","4389608","2086","142630116","33","33.35","31.35","31.4","-","0.6","31.4","5","31.5","2","16.44"
"3042  ","晶技            ","2177509","1114","73895612","34.45","34.5","33.25","33.65","-","0.25","33.65","18","33.7","20","9"
"3043  ","科風            ","2903724","1301","80744688","26.75","28.3","26.75","28.3","+","1.85","28.3","7,701","--","0","10.88"
"3044  ","健鼎            ","4521601","2836","442673071","99","100","96","96.3","-","1.3","96.3","29","96.5","1","9.76"
"3045  ","台灣大          ","4699357","1907","366522243","78.6","78.8","77.5","77.5","-","1.1","77.5","361","77.6","205","21.71"
"3046  ","建碁            ","309270","103","2247864","7.25","7.4","7.2","7.3","+","0.11","7.21","1","7.3","5","14.31"
"3047  ","訊舟            ","861600","283","8894429","10.35","10.5","10.15","10.15","-","0.15","10.15","7","10.25","12","0.00"
"3048  ","益登            ","47599","21","446230","9.32","9.41","9.32","9.35","+","0.08","9.35","4","9.4","6","10.51"
"3049  ","和鑫            ","6746047","2410","91591316","13.6","13.8","13.3","13.3","-","0.15","13.3","118","13.35","40","0.00"
"3050  ","鈺德            ","875115","214","5785617","6.41","6.8","6.41","6.52","+","0.06","6.52","39","6.53","7","13.58"
"3051  ","力特            ","247309","47","402449","1.53","1.69","1.53","1.65","+","0.01","1.57","114","1.65","6","0.00"
"3052  ","夆典            ","217959","83","1956947","8.99","9.07","8.94","9","+","0.06","9","1","9.02","13","18.37"
"3054  ","立萬利          ","334076","110","4039212","11.8","12.3","11.8","12","+","0.1","11.9","8","12","3","10"
"3055  ","蔚華科          ","391177","145","6595539","16.8","17.1","16.6","17","+","0.4","17","9","17.1","5","10.83"
"3056  ","總太            ","194000","72","4510350","23.4","23.4","23.15","23.35","+","0.2","23.2","2","23.4","22","14.24"
"3057  ","喬鼎            ","2444673","1066","37151056","15.5","15.7","14.65","14.65","-","0.55","14.65","56","14.7","2","0.00"
"3058  ","立德            ","967370","256","10085215","10.3","10.6","10.3","10.5","+","0.25","10.45","16","10.5","15","13.29"
"3059  ","華晶科          ","1056287","650","35496636","33.5","33.9","33.4","33.75","+","0.35","33.7","7","33.8","61","11.6"
"3060  ","銘異            ","3936490","2021","252836752","63.8","65.4","63","63.9","+","1.4","63.9","10","64","45","14.59"
"3061  ","璨圓            ","6149176","2236","116463628","19.1","19.25","18.65","18.9","+","0.2","18.85","1","18.9","9","15.12"
"3062  ","建漢            ","4499974","2086","151348884","34.3","34.3","33.1","33.2","-","0.3","33.15","1","33.2","5","20.37"
"3080  ","威力盟          ","491506","245","9421618","19.1","19.6","18.65","18.95","-","0.05","18.95","6","19","19","8.06"
"3090  ","日電貿          ","499571","297","13627587","27.15","27.5","27.1","27.15","+","0.05","27.1","21","27.2","13","10.36"
"3094  ","聯傑            ","1999303","874","41347867","20.75","20.9","20.4","20.55","-","0.05","20.55","35","20.6","24","27.4"
"3130  ","一零四          ","36000","19","3073300","86","86.2","85","85.7","-","0.1","85.1","1","85.7","2","11.92"
"3164  ","景岳            ","561516","355","30277323","54.9","54.9","53","53.2","-","1.7","53.2","5","53.5","1","61.15"
"3189  ","景碩            ","5771011","3347","605376644","105.5","106.5","103","105"," ","0","104.5","18","105","176","17.07"
"3209  ","全科            ","602850","311","15105009","24.65","25.5","24.5","25","+","0.85","25","33","25.15","8","9.16"
"3229  ","晟鈦            ","161000","69","1497650","9.3","9.34","9.27","9.33","+","0.03","9.32","1","9.34","2","311"
"3231  ","緯創            ","28267981","7424","1027654149","36.55","37.4","35.65","35.85","-","0.25","35.85","55","35.9","110","6.87"
"3257  ","虹冠電          ","1216500","409","34706849","27.65","29.2","26.7","28.95","+","1.3","28.95","47","29","1","13.85"
"3296  ","勝德            ","1885000","810","41076800","21.9","22.25","21.45","21.45","-","0.3","21.45","3","21.5","12","0.00"
"3305  ","昇貿            ","682548","395","30491847","45.3","45.4","44.3","44.5","-","0.3","44.5","1","44.55","2","12.64"
"3308  ","聯德            ","70002","41","648488","9.3","9.3","9.16","9.2","+","0.02","9.2","3","9.25","1","0.00"
"3311  ","閎暉            ","2991809","1771","233538165","78.2","79.5","76.2","76.6","-","1.3","76.6","26","76.7","1","10.48"
"3312  ","弘憶股          ","239431","107","2365204","9.57","10.05","9.57","9.86","+","0.28","9.86","46","9.89","3","13.32"
"3315  ","宣昶            ","194620","116","4262107","21.95","21.95","21.35","21.95","+","1.4","21.95","311","--","0","14.73"
"3356  ","奇偶            ","218011","175","20497149","95.2","95.3","93","93","-","0.8","93","20","93.3","1","13.42"
"3367  ","英華達          ","757912","476","13771995","17.85","18.4","17.85","18.3","+","0.55","18.15","14","18.3","28","21.79"
"3376  ","新日興          ","852241","536","46664179","55.1","55.6","54","54.3","-","0.8","54.2","4","54.4","5","18.99"
"3380  ","明泰            ","1746772","623","38988263","22.4","22.55","22.05","22.25"," ","0","22.2","18","22.25","14","13.82"
"3383  ","新世紀          ","4188640","1898","216679640","52.4","52.7","50.9","51.3","-","1.1","51.2","29","51.5","6","19.07"
"3406  ","玉晶光          ","4298028","3375","1370411691","319","325","311.5","312","-","3","312","22","312.5","10","30.5"
"3419  ","譁裕            ","308832","107","4383263","14.05","14.3","13.9","14.3","+","0.3","14.3","170","14.35","1","0.00"
"3432  ","台端            ","263000","127","3182550","11.6","12.3","11.6","12.3","+","0.8","12.3","202","--","0","0.00"
"3443  ","創意            ","1222157","867","121963343","99","102","98.2","98.5"," ","0","98.4","23","98.5","5","21.94"
"3450  ","聯鈞            ","2750510","1747","162385029","59.8","60.3","58","58","-","1.2","58","26","58.1","1","9.24"
"3454  ","晶睿            ","672018","470","46097911","69.4","69.9","67.1","68","-","2.4","67.6","14","68","23","15.32"
"3474  ","華亞科          ","36472900","5236","231473194","6.45","6.55","6.22","6.22","-","0.46","--","0","6.22","6,423","0.00"
"3481  ","群創            ","91081505","11639","1211133217","13.1","13.45","13.05","13.2","+","0.6","13.15","432","13.2","180","0.00"
"3494  ","誠研            ","530624","187","10634242","19.95","20.5","19.55","20.5","+","1.3","20.5","777","--","0","38.68"
"3501  ","維熹            ","1309860","878","49460609","38","38.8","36.25","36.6","-","0.75","36.6","6","36.8","11","9.56"
"3504  ","揚明光          ","1778080","1288","201228040","115.5","116.5","109.5","110.5","-","4","110.5","2","111","4","23.07"
"3514  ","昱晶            ","7805118","2887","354890228","44.95","46","43.9","46","+","3","46","12,780","--","0","7.4"
"3515  ","華擎            ","96119","88","9647019","100.5","101.5","99.5","101","+","1","100","1","101","9","9.91"
"3518  ","柏騰            ","304897","170","9164319","29.7","30.5","29.6","30.25","+","0.7","30.05","3","30.25","6","37.81"
"3519  ","綠能            ","21273794","9729","1187368682","54.1","60","54.1","57.7","-","0.4","57.5","10","57.7","20","10.53"
"3532  ","台勝科          ","396346","208","14975142","37.6","38.8","37.1","37.5","+","0.2","37.3","1","37.5","5","81.52"
"3533  ","嘉澤            ","2312980","1535","185616700","80.7","81.7","79.2","79.9","-","0.2","79.9","1","80","45","8.89"
"3534  ","雷凌            ","1625542","1041","150081797","91.5","93.5","91","91","+","0.2","90.9","3","91","9","21.41"
"3535  ","晶彩科          ","467000","257","7513550","16","16.4","15.85","15.95","-","0.05","15.95","3","16","4","7.49"
"3536  ","誠創            ","428000","116","2235990","5.24","5.3","5.15","5.15","-","0.09","5.15","8","5.2","10","0.00"
"3545  ","敦泰            ","1988250","1087","61489762","31","31.7","30.05","30.25","-","0.65","30.2","134","30.25","1","12.82"
"3550  ","聯穎            ","252000","103","4288700","17.1","17.3","16.7","17"," ","0","17","106","17.1","6","11.97"
"3557  ","嘉威            ","753850","301","6492559","8.65","8.8","8.37","8.38","-","0.02","8.38","4","8.4","2","0.00"
"3559  ","全智科          ","577100","242","8908445","15.4","15.55","15.35","15.45","+","0.1","15.45","6","15.5","49","6.87"
"3561  ","昇陽光電        ","6684741","3712","256912938","37.8","39.45","37.3","38.1","+","1.05","38.05","2","38.1","12","19.74"
"3573  ","穎台            ","2033373","1300","104501900","51","52.8","49.7","50.2","+","0.2","50.2","20","50.3","16","11.16"
"3576  ","新日光          ","11602000","5090","349269543","29.1","30.8","29.1","29.75","+","0.25","29.7","56","29.75","138","19.07"
"3579  ","尚志            ","1987210","1134","109711555","53.9","56.4","53.9","55.5","+","0.7","55.3","12","55.5","1","11.01"
"3584  ","介面            ","3670620","2231","173813712","47.25","48.35","46.6","46.6"," ","0","46.6","9","46.8","6","30.06"
"3588  ","通嘉            ","249104","187","16176146","65.4","65.9","63.6","64.4","-","1","64.4","3","64.7","1","14.41"
"3591  ","艾笛森          ","2985115","1863","190502130","63.2","65.4","61.5","62","-","0.7","62","50","62.1","3","18.24"
"3593  ","力銘            ","412657","126","6130704","14.85","15.2","14.75","14.75"," ","0","14.75","5","14.8","12","17.99"
"3596  ","智易            ","1349263","468","46279716","34.3","34.3","34.3","34.3","+","2.2","34.3","1,531","--","0","8.35"
"3598  ","奕力            ","1848480","1103","130237391","71.5","72","69.3","70.4","-","0.1","70.3","2","70.4","2","23.95"
"3605  ","宏致            ","594596","334","31651588","53","54.2","52.7","52.8","-","0.7","52.7","86","52.9","1","11.31"
"3607  ","谷崧            ","507200","356","20669140","40.6","41.3","40.4","40.5","+","0.2","40.45","2","40.5","11","13.73"
"3617  ","碩天            ","159000","111","15825900","99.5","100","99.2","99.6","-","0.4","99.6","1","99.9","8","22.33"
"3622  ","洋華            ","3379776","2274","296382636","87.2","89.8","85.1","85.5","-","0.1","85.4","8","85.5","2","9.3"
"3638  ","F-IML           ","3510734","1768","304097693","84.7","89.5","84.7","89.3","-","1.7","89","3","89.3","7","11.39"
"3653  ","健策            ","686806","590","52503591","76","78.4","75.2","75.2"," ","0","75.1","2","75.2","2","16.1"
"3665  ","貿聯-KY         ","108300","67","3087385","28.4","29","28.2","28.2","-","0.1","28.1","10","28.5","7","4.54"
"3669  ","圓展            ","568052","355","23200504","39.5","42","39.5","40.55","+","1.1","40.55","11","40.65","6","10.16"
"3673  ","TPK-KY          ","1636035","1568","1141896870","705","707","686","686","-","18","686","18","687","3","17.07"
"3686  ","達能            ","3292017","1308","80656822","24.2","24.9","23.4","24.9","+","1.6","24.9","8,557","--","0","13.91"
"3694  ","海華            ","289000","188","8457600","28.65","30","28.65","29.8","-","1","29.6","5","29.8","2","42.57"
"3697  ","F-晨星          ","10301030","6685","1628797992","160","163","152.5","152.5","-","6","152.5","53","153","7","12.49"
"3701  ","大眾控          ","42486","27","395268","9.4","9.4","9.25","9.31","+","0.08","9.3","20","9.31","5","0.00"
"3702  ","大聯大          ","8917459","4176","387295293","43.25","43.95","43","43","-","0.05","43","173","43.05","1","13.52"
"3703  ","欣陸            ","2381871","681","27513219","11.5","11.7","11.45","11.55","+","0.15","11.55","11","11.6","83","10.22"
"3704  ","合勤控          ","4535717","1503","88905806","19.45","19.85","19.3","19.75","+","0.45","19.65","7","19.75","122","6.29"
"3705  ","永信            ","822710","393","34291964","42","42.25","41.1","41.1","-","0.7","41.1","87","41.5","6","16.44"
"4104  ","佳醫            ","485634","349","34217114","70","71","69.7","69.8","-","0.1","69.8","7","69.9","3","19.07"
"4106  ","雃博            ","526500","316","16947570","32.35","32.7","31.7","32.1","-","0.5","32","2","32.15","4","14.27"
"4108  ","懷特            ","240700","175","9741190","40.5","40.85","40.1","40.5"," ","0","40.5","3","40.55","3","0.00"
"4119  ","旭富            ","228335","124","12668625","55","56","54.3","55","+","0.5","54.9","1","55.1","1","16.27"
"4133  ","亞諾法          ","144200","121","8178480","55.3","57.9","55.3","56.1","+","1.5","56.1","1","56.5","6","27.1"
"4306  ","炎洲            ","1586821","574","46444109","29.5","29.6","29.05","29.05","-","0.35","29.05","3","29.15","11","13.39"
"4414  ","如興            ","1334130","375","16944548","13.1","13.1","12.35","12.35","-","0.65","12.35","46","12.6","11","7.97"
"4526  ","東台            ","5924976","2658","175414480","29.25","30.3","28.7","30","+","1.1","29.95","35","30","29","11.28"
"4532  ","瑞智            ","4723160","2017","121179607","25.7","26.2","25.2","25.3","-","0.4","25.3","30","25.35","35","16.43"
"4725  ","信昌化          ","3034704","2032","328651476","108","111.5","105.5","106","-","2","106","2","106.5","13","7.41"
"4733  ","上緯            ","242103","199","10191290","40.7","42.8","40.7","42.15","X","0","42.15","1","42.4","3","17.35"
"4737  ","華廣            ","74000","58","8107500","109","110","109","109.5","+","0.5","109.5","4","110","20","30.08"
"4746  ","台耀            ","804700","590","67430000","81.4","85.7","80.5","85.6","+","5.5","85.5","6","85.6","1","24.88"
"4904  ","遠傳            ","11334900","3601","535155275","46.7","47.8","46.25","46.5","+","0.1","46.45","1","46.5","1,233","17.61"
"4906  ","正文            ","1438008","679","37107551","26.8","26.8","25.3","25.4","+","0.1","25.4","6","25.45","12","0.00"
"4919  ","新唐            ","876400","430","25084530","28.8","29.3","27.95","28","-","0.4","28","6","28.2","1","8.97"
"4930  ","燦星網          ","2280872","1075","56691700","23.6","25.4","23.6","25","+","0.9","24.85","7","25.05","7","16.34"
"4934  ","太極            ","718003","415","12922601","17.35","18.45","17.35","17.8","+","0.5","17.75","4","17.8","3","14.59"
"4935  ","茂林-KY         ","506000","221","27386700","54","54.9","53.6","54.7","+","1.4","54","11","54.7","15","29.41"
"4938  ","和碩            ","6066221","2078","174255134","28.15","29.35","28.15","28.65","+","0.55","28.65","17","28.7","51","42.76"
"4942  ","嘉彰            ","1780555","825","83046670","47","47.4","45.85","45.85","-","0.3","45.85","2","46","4","10.17"
"4984  ","科納-KY         ","1041000","705","142519000","132.5","143","128","137","+","4","136.5","12","137","7","31.14"
"5203  ","訊連            ","641695","467","41217066","64.5","65","63.3","63.3","-","0.1","63.3","29","63.4","3","10.51"
"5305  ","敦南            ","734593","327","10867752","14.85","15","14.55","14.75","-","0.1","14.7","18","14.75","31","13.17"
"5388  ","中磊            ","6425888","3248","252714953","40.3","40.55","38.3","38.5","-","1.6","38.5","37","38.55","17","14.81"
"5434  ","崇越            ","1234932","598","52398359","43","43","42","42.5"," ","0","42.4","5","42.5","19","7.46"
"5469  ","瀚宇博          ","628939","275","9548809","15.2","15.4","15.05","15.2","+","0.1","15.1","4","15.2","11","29.23"
"5471  ","松翰            ","1102206","680","50745449","46.25","46.8","45.15","45.2","-","0.95","45.2","12","45.3","5","11.16"
"5484  ","慧友            ","112518","53","1350010","12","12.2","11.9","11.9","-","0.05","11.9","10","12","7","47.6"
"5515  ","建國            ","4120614","1124","62240847","15.15","15.3","14.9","15.05","+","0.15","15.05","93","15.1","36","8.05"
"5522  ","遠雄            ","2376449","1394","129120349","54","54.9","53.1","54.3","+","1.2","54.2","23","54.3","2","9.02"
"5525  ","順天            ","119345","70","1936673","16.25","16.4","16.1","16.4","+","0.2","16.15","18","16.4","22","18.22"
"5531  ","鄉林            ","2196100","1127","70331140","31.3","32.3","31.3","32.2","+","0.95","32.15","8","32.2","18","15.33"
"5533  ","皇鼎            ","366766","236","7451890","20.2","20.7","20.15","20.3","+","0.1","20.15","31","20.4","21","4.26"
"5534  ","長虹            ","2713872","1360","195021084","70","73","70","71.5","+","1.7","71.4","14","71.5","29","7.08"
"5607  ","遠雄港          ","397000","181","8250400","20.6","21","20.6","20.7","+","0.1","20.65","14","20.7","9","690"
"5608  ","四維航          ","755408","408","25306922","33.7","33.8","33.3","33.3","-","0.25","33.3","33","33.4","21","10.18"
"5854  ","合庫            ","14406647","2914","300528741","20.7","21.2","20.6","20.7","+","0.15","20.7","130","20.75","31","16.05"
"6005  ","群益證          ","5356232","1284","68997630","12.75","13.1","12.65","12.7","-","0.05","12.7","133","12.75","7","16.71"
"6108  ","競國            ","5294400","1419","139820040","26","26.85","25.9","26.8","+","0.65","26.8","10","26.85","49","10.76"
"6112  ","聚碩            ","458100","228","10553200","23.3","23.3","22.65","22.65","-","0.35","22.65","9","22.75","1","10.73"
"6115  ","鎰勝            ","254403","131","8854983","35.1","35.25","34.4","34.45","-","0.55","34.4","19","34.5","1","9.65"
"6116  ","彩晶            ","19622810","3228","52196574","2.61","2.73","2.59","2.61","+","0.01","2.6","323","2.61","379","0.00"
"6117  ","迎廣            ","93090","53","1375914","15","15","14.75","14.75","-","0.05","14.75","13","14.8","5","28.37"
"6119  ","大傳            ","504673","214","6494527","13","13","12.75","12.75","-","0.25","12.75","12","12.8","37","10.12"
"6120  ","達運            ","3428223","1416","63834081","18.15","19.2","17.95","18.1"," ","0","18.1","33","18.15","8","12.66"
"6128  ","上福            ","211097","101","5513947","26","26.9","25.95","26.2","+","0.25","26.1","6","26.3","7","8.48"
"6131  ","悠克            ","114439","58","1693558","15","15","14.6","14.7","-","0.15","14.65","3","14.7","3","61.25"
"6133  ","金橋            ","150784","56","1251569","8.5","8.5","8","8.14","-","0.36","8.14","5","8.25","6","0.00"
"6136  ","富爾特          ","291255","189","8679639","29.7","30","29.6","29.6","-","0.1","29.6","11","29.7","14","9.58"
"6139  ","亞翔            ","861300","322","24097920","27.8","28.25","27.7","28.2","+","0.4","28.2","12","28.25","7","8.68"
"6141  ","柏承            ","415000","121","7006250","16.6","17.35","16.6","17","+","0.45","17","26","17.05","10","13.82"
"6142  ","友勁            ","582584","201","5029489","8.61","8.73","8.53","8.53","+","0.05","8.53","1","8.55","10","25.85"
"6145  ","勁永            ","1807425","686","19328919","11","11.2","10.3","10.4","-","0.6","10.4","6","10.45","3","0.00"
"6152  ","百一            ","1161601","517","29883832","25.4","26.1","25.35","25.35"," ","0","25.3","9","25.4","1","8.71"
"6153  ","嘉聯益          ","9454223","3946","568421799","59","61.3","58.5","60.1","+","2","60","11","60.1","40","16.74"
"6155  ","鈞寶            ","6647","11","149438","22.35","22.7","22.35","22.35","-","0.35","22.35","2","22.55","1","16.68"
"6164  ","華興            ","1000144","448","17532789","17.6","18","16.95","17","-","0.75","17","48","17.05","6","32.08"
"6165  ","捷泰            ","328000","100","1811580","5.82","5.82","5.44","5.44","-","0.4","--","0","5.44","86","0.00"
"6166  ","凌華            ","454621","288","21483068","47.7","47.8","46.6","46.75","-","0.65","46.75","8","46.9","3","11.78"
"6168  ","宏齊            ","1144067","501","21285972","18.4","18.9","18.25","18.4","-","0.1","18.4","3","18.45","1","63.45"
"6172  ","互億            ","116255","45","323917","2.85","2.85","2.73","2.81","-","0.12","2.78","10","2.85","1","0.00"
"6176  ","瑞儀            ","10527693","6187","1012916642","95.7","98.1","93.8","94","-","1.7","93.9","21","94","1","10.68"
"6184  ","大豐電          ","136279","91","7916920","57.9","58.5","57.7","58.2","+","0.7","58.2","3","58.3","7","12.25"
"6189  ","豐藝            ","183546","77","3303555","18","18.1","17.85","17.85","-","0.05","17.85","9","17.95","10","10.69"
"6191  ","精成科          ","680926","247","10544510","15.6","15.6","15.35","15.4","-","0.1","15.4","9","15.5","25","9.45"
"6192  ","巨路            ","1310395","871","98664148","74","76.4","74","74.4","+","1","74.3","3","74.4","5","12.3"
"6196  ","帆宣            ","2616320","924","58127004","22.25","22.7","21.7","21.7","-","0.45","21.65","50","21.7","2","8.89"
"6197  ","佳必琪          ","1288015","838","49607370","38.3","39.45","38","38"," ","0","38","5","38.1","15","0.00"
"6201  ","亞弘電          ","23050","20","588224","25.6","25.6","25.4","25.5","-","0.1","25.5","5","25.6","4","12.03"
"6202  ","盛群            ","524692","328","16218373","31.3","31.3","30.55","30.6","+","0.05","30.55","26","30.6","1","11.42"
"6205  ","詮欣            ","49769","34","843792","16.9","17.1","16.85","16.85","-","0.05","16.8","24","16.85","1","25.53"
"6206  ","飛捷            ","295019","197","18899016","63.9","64.6","63.5","63.6","-","0.2","63.5","25","63.7","12","9.75"
"6209  ","今國光          ","3783592","2099","156361022","41.9","42.4","40.3","40.4","-","1.5","40.4","28","40.5","11","19.52"
"6213  ","聯茂            ","2639372","1004","92924311","35.15","35.7","34.5","34.55","-","0.45","34.55","17","34.75","11","8.49"
"6214  ","精誠            ","298679","151","10573080","35.2","35.6","35.1","35.55","+","0.35","35.55","3","35.6","7","10.43"
"6215  ","和椿            ","47229","37","833097","17.8","17.9","17.25","17.35","+","0.15","17.35","41","17.45","1","15.49"
"6216  ","居易            ","89104","41","1455664","16.3","16.45","16.05","16.05","-","0.3","16.05","4","16.35","5","11.38"
"6224  ","聚鼎            ","446200","237","23897020","54.9","54.9","52.7","52.8","+","0.3","52.7","8","52.9","1","11"
"6225  ","天瀚            ","370005","173","3848450","10.3","10.55","10.3","10.35","+","0.05","10.35","35","10.45","5","0.00"
"6226  ","光鼎            ","1468321","185","13843202","9.21","9.6","9.09","9.2","-","0.01","9.15","4","9.2","2","0.00"
"6230  ","超眾            ","469499","235","11988175","25.4","26","24.85","24.85","-","0.4","24.85","6","25.1","10","11"
"6235  ","華孚            ","2334750","671","23960510","10.25","10.5","10.15","10.15","-","0.75","10.15","469","10.2","15","0.00"
"6239  ","力成            ","18797725","8718","1290990949","69.9","71.6","66.1","66.3","-","3.4","66.3","95","66.4","69","7.14"
"6243  ","迅杰            ","509571","294","12048705","23.95","24.25","23.05","23.5","-","0.45","23.4","2","23.6","5","54.65"
"6251  ","定穎            ","795417","284","9243412","11.6","11.8","11.45","11.45","+","0.1","11.45","3","11.5","4","76.33"
"6257  ","矽格            ","2230778","977","44046174","20","20.15","19.45","19.5","-","0.45","19.45","30","19.5","71","7.71"
"6269  ","台郡            ","2720815","1502","233475914","85.9","87.2","83.8","84.6","-","1.2","84.5","7","84.6","1","20.34"
"6271  ","同欣電          ","6043067","2769","450159496","74.3","76.5","72.2","73.5","-","0.3","73.5","43","73.6","8","13.51"
"6277  ","宏正            ","370050","130","20861989","57","57.3","56","56.1","+","0.1","56","6","56.2","3","12.01"
"6278  ","台表科          ","4900515","2808","316127173","65.5","66.2","62.8","63.1","-","1.9","63.1","4","63.2","1","10.16"
"6281  ","全國電          ","282550","178","14669775","52.1","52.2","51.7","51.9","-","0.4","51.8","12","51.9","25","11.64"
"6282  ","康舒            ","2659413","911","41022845","15.65","15.7","15.05","15.1","-","0.3","15.1","41","15.15","22","11.98"
"6283  ","淳安            ","48000","34","425330","8.95","9.04","8.76","8.76","-","0.19","8.76","6","8.88","10","0.00"
"6285  ","啟碁            ","5839768","3429","430682069","75.3","75.8","72.5","72.5","-","1.6","72.5","91","72.7","1","12.12"
"6286  ","立錡            ","1777920","1239","271392340","152","154.5","150","152","+","2.5","152","370","152.5","15","12.3"
"6289  ","華上            ","1219527","379","6609299","5.39","5.54","5.31","5.33","-","0.04","5.32","10","5.33","6","44.42"
"6505  ","台塑化          ","3554797","1541","300972540","85.6","85.8","83.4","84.5","-","0.1","84.1","1","84.5","431","17.17"
"6605  ","帝寶            ","231183","162","13701065","60.8","60.8","58.6","58.6","-","1.5","58.6","1","58.8","1","22.03"
"8008  ","建興電          ","2993816","1378","93500821","31.25","31.5","31","31.15","-","0.1","31.15","7","31.2","78","10.35"
"8016  ","矽創            ","680273","434","23568942","35","35.35","34.05","34.05","-","0.95","34.05","3","34.15","1","11.99"
"8021  ","尖點            ","826100","373","19113864","23","23.5","22.8","23.15","+","0.55","23.1","10","23.15","1","12.31"
"8033  ","雷虎            ","62476","33","514682","8.29","8.3","8.15","8.27","+","0.02","8.15","5","8.28","12","0.00"
"8039  ","台虹            ","5634914","2825","275339536","48","49.75","47.3","49","+","2.5","48.95","10","49","22","13.54"
"8046  ","南電            ","3283274","1597","317764534","96.6","98.6","95.5","95.9","+","0.3","95.9","13","96","29","34.87"
"8070  ","長華            ","173455","144","14880519","84.2","86.7","84.2","85.8","+","2","85.7","10","85.8","6","10.13"
"8072  ","陞泰            ","170105","131","15163445","88.8","89.8","88.5","88.5","-","0.2","88.3","2","88.5","1","11.02"
"8078  ","華寶            ","27069032","8655","874199613","31.9","33.5","31.2","33.5","+","2.15","33.45","8","33.5","882","0.00"
"8081  ","致新            ","1273000","908","108991700","85.5","87.5","84","84","-","1","83.9","4","84","5","11.54"
"8101  ","華冠            ","12812088","4618","236929118","18.2","18.75","18.15","18.3","+","0.15","18.25","74","18.3","30","10.83"
"8103  ","瀚荃            ","1119142","655","41849314","38","38.15","36.5","36.9","-","1.05","36.9","4","37","14","8.26"
"8105  ","凌巨            ","2222155","795","26515935","11.95","12.25","11.55","11.55","-","0.35","11.5","129","11.6","10","0.00"
"8110  ","華東            ","3197090","704","36759168","11.6","11.65","11.3","11.35","-","0.05","11.35","20","11.4","68","5.82"
"8112  ","至上            ","2379002","667","43260436","18.3","18.4","17.85","18","-","0.2","18","150","18.1","29","11.25"
"8131  ","福懋科          ","1043262","429","30559975","29.3","29.3","29.05","29.3","+","1.9","29.3","612","--","0","7.22"
"8163  ","達方            ","1121242","524","24071262","21.2","21.8","21.05","21.35","+","0.15","21.25","5","21.35","34","52.07"
"8201  ","無敵            ","1242837","477","23112416","18.95","18.95","17.9","17.9","-","0.55","17.9","24","18","5","10.85"
"8213  ","志超            ","538028","254","13350286","25.1","25.1","24.5","24.5","-","0.55","24.5","25","24.6","5","15.03"
"8215  ","明基材          ","1665200","629","23310350","13.55","14.1","13.55","14.1","+","0.9","14.1","4","--","0","0.00"
"8249  ","菱光            ","397077","164","6389774","16.05","16.25","15.9","15.9","-","0.1","15.9","13","16.1","6","9.7"
"8261  ","富鼎            ","774419","367","10742389","14","14.3","13.6","13.6","-","0.3","13.6","3","13.8","9","0.00"
"8271  ","宇瞻            ","1117217","481","16648024","14.9","15.05","14.65","14.95","+","0.15","14.9","8","14.95","22","8.21"
"8374  ","羅昇            ","1597363","1036","92562603","57.8","59.8","56.8","56.9","-","0.1","56.9","4","57","46","11.98"
"8404  ","百和興業-KY     ","79000","44","2088950","26.65","26.65","26.1","26.25","-","0.4","26.25","1","26.5","1","16.51"
"8926  ","台汽電          ","568922","282","10789268","19","19","18.9","19"," ","0","18.9","198","19","25","13.1"
"8940  ","新天地          ","321614","202","8309547","25.5","26.2","25.5","26.1","+","0.7","25.75","1","26.1","6","19.77"
"9103  ","美德醫療-DR     ","478000","171","1688300","3.51","3.58","3.5","3.51","+","0.02","3.51","14","3.52","7","0.00"
"910322","康師傅-DR       ","1211000","374","50317850","41.2","41.75","41.2","41.45","-","0.1","41.45","4","41.5","14","0.00"
"9104  ","萬宇科          ","104000","25","2113750","20.05","20.55","20.05","20.2","+","0.1","20.05","5","20.3","1","0.00"
"910482","聖馬丁-DR       ","6517400","1001","65802787","10","10.3","9.96","9.98","+","0.01","9.98","87","10","43","0.00"
"9105  ","泰金寶-DR       ","4385000","555","14212640","3.21","3.28","3.2","3.23","+","0.04","3.22","29","3.23","50","0.00"
"910579","歐聖            ","8136010","1449","44427176","5.38","5.68","5.3","5.68","+","0.33","5.66","200","5.68","233","0.00"
"9106  ","新焦點-DR       ","703000","226","5363490","7.58","7.74","7.55","7.63","+","0.06","7.63","6","7.68","2","0.00"
"910708","恒大健-DR       ","883000","189","18704100","21.2","21.3","21.1","21.1","-","0.1","21.1","132","21.2","2","0.00"
"910801","金衛-DR         ","126002","47","1611175","12.9","13.05","12.5","12.5","-","0.35","12.5","4","12.75","1","0.00"
"910861","神州-DR         ","1023000","256","25022150","24.35","24.8","24.1","24.45","+","0.35","24.45","106","24.5","27","0.00"
"910948","融達            ","60000","18","334350","5.64","5.64","5.5","5.57","+","0.01","5.45","10","5.57","41","0.00"
"9110  ","越南控-DR       ","96000","49","920370","9.55","9.64","9.54","9.6","+","0.07","9.58","2","9.63","5","0.00"
"911201","僑威控          ","72000","25","345960","4.78","4.87","4.75","4.75","+","0.11","4.76","20","4.79","3","0.00"
"911602","華豐泰          ","609000","44","7522850","11.9","13.25","11.9","13.25","+","0.85","13.25","57","--","0","0.00"
"911606","超級            ","164000","42","3036650","18.55","18.75","18.1","18.1"," ","0","18.1","10","18.4","3","0.00"
"911608","明輝-DR         ","186000","72","1701400","9.08","9.19","9.08","9.13","+","0.13","9.13","13","9.15","2","0.00"
"911609","揚子江          ","1914000","355","26796000","14","14","14","14","+","0.9","14","3,155","--","0","0.00"
"911610","聯環            ","369002","145","3530589","9.49","9.64","9.43","9.54","+","0.18","9.49","1","9.55","10","0.00"
"911611","中泰山-DR       ","447268","123","2699268","6.03","6.09","5.99","6.01","+","0.06","6.01","2","6.02","1","0.00"
"911612","滬安            ","2462174","615","23570186","9.5","9.66","9.43","9.48"," ","0","9.48","6","9.49","7","0.00"
"911616","杜康-DR         ","3917100","1130","51541245","13.45","13.45","12.85","12.85","-","0.25","12.85","25","12.9","30","0.00"
"911619","耀傑-DR         ","53000","18","587900","11.15","11.15","11.05","11.1","-","0.05","11.05","18","11.15","9","0.00"
"911868","同方友友-DR     ","2050000","361","10681610","5.18","5.28","5.12","5.13"," ","0","5.12","17","5.13","286","0.00"
"912000","晨訊科-DR       ","904000","202","5092390","5.62","5.74","5.54","5.59","+","0.19","5.59","2","5.6","7","0.00"
"912398","友佳-DR         ","186000","104","3284550","17.75","17.8","17.55","17.6","+","0.05","17.6","18","17.8","75","0.00"
"9136  ","巨騰-DR         ","1147100","372","11664475","10.3","10.35","9.95","9.95","-","0.15","9.95","9","10.05","22","0.00"
"913889","大成糖          ","808000","200","7853840","9.75","9.83","9.67","9.74"," ","0","9.7","1","9.74","87","0.00"
"9151  ","旺旺            ","731000","166","18353550","24.2","25.35","24.2","25.15","+","1.15","25.15","29","25.2","28","0.00"
"9157  ","陽光能源-DR     ","1007000","422","7823170","7.4","7.81","7.37","7.81","+","0.51","7.81","593","--","0","0.00"
"916665","爾必達          ","1290002","143","13162020","10.1","10.4","10.05","10.15","+","0.17","10.15","164","10.2","5","0.00"
"9188  ","精熙-DR         ","370000","103","1524960","4.05","4.18","4.05","4.13","+","0.08","4.1","1","4.13","12","0.00"
"9902  ","台火            ","304989","125","3372229","11.1","11.25","10.9","10.9","-","0.15","10.9","22","10.95","30","155.71"
"9904  ","寶成            ","5819643","2199","131231232","22.5","22.8","22.35","22.55","+","0.2","22.5","50","22.55","12","10.16"
"9905  ","大華            ","1390089","320","53563026","38.4","38.85","38.3","38.5","+","0.2","38.5","25","38.55","16","16.52"
"9906  ","欣巴巴          ","4000","2","47600","12","12","11.8","11.8","-","0.8","--","0","11.8","5","1.85"
"9907  ","統一實          ","5523913","1680","95351199","17.4","17.45","17","17.1","-","0.4","17.05","63","17.1","34","20.12"
"9908  ","大台北          ","181387","86","3197916","17.7","17.75","17.55","17.6","-","0.15","17.6","12","17.7","45","12.85"
"9910  ","豐泰            ","408901","180","10193933","25.5","25.5","24.7","24.8","-","0.2","24.8","19","25","26","10.33"
"9911  ","櫻花            ","1751126","630","33897506","19.3","19.7","19.15","19.15","-","0.3","19.15","14","19.2","10","13.98"
"9912  ","偉聯            ","27503","21","320984","11.8","11.85","11.5","11.85","-","0.1","11.45","2","11.85","1","37.03"
"9914  ","美利達          ","1480269","1005","106178430","71.7","72.5","71.1","71.6"," ","0","71.5","5","71.6","24","13.43"
"9917  ","中保            ","424690","285","22420928","52.5","53","52.5","52.6","+","0.2","52.5","29","52.6","5","13.28"
"9918  ","欣天然          ","53018","31","1438586","27.25","27.4","27","27.05"," ","0","27.05","30","27.35","12","16.1"
"9919  ","康那香          ","343312","124","5700466","16.7","16.75","16.4","16.5"," ","0","16.45","29","16.5","71","24.26"
"9921  ","巨大            ","1331512","787","151627880","110","116","109","116","+","7.5","115","17","116","28","17.93"
"9924  ","福興            ","125099","61","2223010","17.75","17.9","17.7","17.75"," ","0","17.75","2","17.85","1","12.16"
"9925  ","新保            ","490270","206","12400489","25.2","25.45","25.15","25.15","+","0.05","25.15","21","25.25","10","10.75"
"9926  ","新海            ","90178","72","3000617","33.35","33.65","32.8","33.2","X","0","33.2","1","33.25","1","14.76"
"9927  ","泰銘            ","456300","289","16406026","36.3","36.3","35.4","35.4","-","0.65","35.4","1","35.7","13","7.05"
"9928  ","中視            ","713141","385","18714301","26.3","26.55","26","26.1","-","0.15","26.05","14","26.15","2","70.54"
"9929  ","秋雨            ","102588","39","316706","3.05","3.12","3.05","3.11","+","0.03","3.11","1","3.12","7","0.00"
"9930  ","中聯資源        ","134181","83","5494361","41.2","41.2","40.8","41","-","0.2","40.85","4","41","3","13.8"
"9931  ","欣高            ","11000","8","253250","23","23.05","23","23","-","0.15","23.05","5","23.4","5","13.29"
"9933  ","中鼎            ","2056804","884","79082831","38.5","38.6","38.25","38.45","+","0.1","38.45","59","38.5","8","11.44"
"9934  ","成霖            ","2249297","630","44814363","19.7","20.2","19.65","19.85","+","0.2","19.85","3","19.9","12","19.65"
"9935  ","慶豐富          ","207000","59","863870","4.18","4.29","4.11","4.15","-","0.07","4.11","5","4.15","32","0.00"
"9937  ","全國            ","193511","116","6366512","33.15","33.15","32.8","32.8","-","0.35","32.8","26","33","1","4.97"
"9938  ","百和            ","1610635","730","41853218","26","26.3","25.6","25.85","+","0.4","25.8","38","25.85","6","5.85"
"9939  ","宏全            ","559685","376","44301115","78.9","79.6","78.8","79","+","0.2","79","21","79.2","12","15.13"
"9940  ","信義            ","749900","492","36424846","48.8","49","48.1","48.4","-","0.35","48.35","22","48.4","12","11.72"
"9941  ","裕融            ","667510","420","46129338","69.4","69.7","68.6","69"," ","0","68.8","3","69","11","16.51"
"9942  ","茂順            ","744030","302","39924616","54","55.3","53.2","53.8","-","0.2","53.5","3","53.8","27","9.64"
"9943  ","好樂迪          ","908849","401","45034361","48.8","50.5","48.7","48.9","+","0.6","48.85","1","48.9","2","12.7"
"9944  ","新麗            ","60000","22","1391100","23.15","23.25","23.15","23.2","+","0.05","23.1","7","23.25","6","21.89"
"9945  ","潤泰新          ","5707194","2504","191936218","33.6","34.25","32.95","32.95","-","0.25","32.95","5","33","8","20.85"
"9955  ","佳龍            ","219375","132","7315810","33.2","33.7","33.2","33.2","+","0.15","33.2","51","33.3","3","77.21"
"9958  ","世紀鋼          ","391300","97","3507145","8.93","9.01","8.9","8.92","+","0.01","8.91","2","8.92","15","446"
    
"說明："
"1. 漲跌(+/-)欄位符號說明:+/-/X表示漲/跌/不比價。"
"2. 當證券代號為認購(售)權證及認股權憑證時本益比欄位置為結算價；但如為以外國證券或指數為標的之認購(售)權證及履約方式採歐式者，該欄位為空白。"
"3. 除境外指數股票型基金及外國股票第二上市外，餘交易單位皆為千股。"
"4. 本統計資訊含一般、零股、盤後定價、鉅額交易，不含拍賣、標購。"

