

2012年04月24日大盤統計資訊
"指數","收盤指數","漲跌(+/-)","漲跌點數","漲跌百分比(%)"
發行量加權股價指數,7498.84,+,17.75,0.24
臺灣50指數,5226.03,+,15,0.29
臺灣中型100指數,6336.73,+,3.63,0.06
臺灣資訊科技指數,6003.25,-,7.46,-0.12
臺灣發達指數,6847.45,+,47.58,0.7
臺灣高股息指數,5777.23,+,4.52,0.08
臺灣就業99指數,4278.03,-,8.95,-0.21
未含金融保險股指數,6435.18,+,20.65,0.32
未含電子股指數,11180.87,-,32.16,-0.29
未含金融電子股指數,10209.3,-,26.1,-0.25
小型股300指數,--,,--,--
水泥窯製類指數,504.22,-,2.99,-0.59
塑膠化工類指數,798.61,-,6.49,-0.81
機電類指數,1612.89,+,11.12,0.69
水泥類指數,118.97,-,0.54,-0.45
食品類指數,924.67,+,2.25,0.24
塑膠類指數,230.05,-,2.42,-1.04
紡織纖維類指數,391.35,-,3.01,-0.76
電機機械類指數,110.78,-,0.69,-0.62
電器電纜類指數,36.87,+,0.23,0.63
化學生技醫療類指數,107.02,+,0.13,0.12
化學類指數,110.37,+,0.25,0.23
生技醫療類指數,70.38,-,0.07,-0.1
玻璃陶瓷類指數,68.5,-,0.74,-1.07
造紙類指數,160.48,-,1.22,-0.75
鋼鐵類指數,102.43,+,0.01,0.01
橡膠類指數,294.44,-,2.5,-0.84
汽車類指數,191.13,-,2.09,-1.08
電子類指數,286.95,+,2.08,0.73
半導體類指數,75.89,+,0.02,0.03
電腦及週邊設備類指數,87.91,+,0.27,0.31
光電類指數,34.77,+,0.06,0.17
通信網路類指數,131.35,+,1.91,1.48
電子零組件類指數,64.01,+,0.18,0.28
電子通路類指數,127.17,-,0.72,-0.56
資訊服務類指數,67.51,-,0.04,-0.06
其他電子類指數,68.63,+,2.04,3.06
建材營造類指數,262.3,+,0.11,0.04
航運類指數,77.68,+,0.18,0.23
觀光類指數,133.9,-,0.19,-0.14
金融保險類指數,777.53,-,3,-0.38
貿易百貨類指數,196.2,+,0.32,0.16
油電燃氣類指數,111.65,+,1.19,1.08
其他類指數,162.17,-,0.49,-0.3
"報酬指數","收盤指數","漲跌(+/-)","漲跌點數","漲跌百分比(%)"
發行量加權股價報酬指數,10374.36,+,24.56,0.24
臺灣就業99報酬指數,4438.54,-,9.28,-0.21
未含金融電子股報酬指數,14320.83,-,36.61,-0.25
小型股300報酬指數,--,,--,--
水泥類報酬指數,136.19,-,0.62,-0.45
食品類報酬指數,991.76,+,2.41,0.24
塑膠類報酬指數,262.4,-,2.75,-1.04
紡織纖維類報酬指數,431.91,-,3.32,-0.76
電機機械類報酬指數,121.27,-,0.76,-0.62
電器電纜類報酬指數,38.97,+,0.24,0.62
化學生技醫療類報酬指數,117.96,+,0.15,0.13
化學類報酬指數,122.45,+,0.27,0.22
生技醫療類報酬指數,75.88,-,0.07,-0.09
玻璃陶瓷類報酬指數,70.71,-,0.77,-1.08
造紙類報酬指數,172.19,-,1.3,-0.75
鋼鐵類報酬指數,115.19,+,0.01,0.01
橡膠類報酬指數,319.19,-,2.7,-0.84
汽車類報酬指數,202.42,-,2.22,-1.08
電子類報酬指數,360.1,+,2.6,0.73
半導體類報酬指數,92.71,+,0.02,0.02
電腦及週邊設備類報酬指數,109.7,+,0.34,0.31
光電類報酬指數,38.46,+,0.06,0.16
通信網路類報酬指數,172.85,+,2.52,1.48
電子零組件類報酬指數,78.79,+,0.22,0.28
電子通路類報酬指數,155.61,-,0.89,-0.57
資訊服務類報酬指數,86.65,-,0.04,-0.05
其他電子類報酬指數,74.87,+,2.23,3.07
建材營造類報酬指數,297.12,+,0.12,0.04
航運類報酬指數,86.34,+,0.21,0.24
觀光類報酬指數,139.37,-,0.2,-0.14
金融保險類報酬指數,899.86,-,3.47,-0.38
貿易百貨類報酬指數,208.69,+,0.34,0.16
油電燃氣類報酬指數,123.98,+,1.32,1.08
其他類報酬指數,184.39,-,0.55,-0.3
"成交統計","成交金額(元)","成交股數(股)","成交筆數"
"1.一般股票","67816739935","1544801847","547637"
"2.台灣存託憑證","150014458","13330192","3334"
"3.受益憑證","85240","12000","3"
"4.ETF","665368706","26710629","4213"
"5.受益證券","86048663","5517325","789"
"6.變更交易股票","20065415","6442139","619"
"7.認購(售)權證","906954710","1036080000","35090"
"8.轉換公司債","0","0","0"
"9.附認股權特別股","0","0","0"
"10.附認股權公司債","0","0","0"
"11.認股權憑證","0","0","0"
"12.公司債","0","0","0"
"證券合計(1+6)","67836805350","1551243986","548256"
"總計(1~12)","69645277127","2632894132","591685"
"漲跌證券數合計"
"類型","整體市場(元)","股票"
"上漲(漲停)",1844(9),316(8)
"下跌(跌停)",2114(32),377(4)
"持平",466,89
"未成交",3123,4
"無比價",8,6
"說明："
"1. 漲跌價差為當日收盤價與前一日收盤價比較。"
"2. 無比價含當日除權、除息、新上市、恢復交易者。"
2012年04月24日
"每日收盤行情("全部(不含權證、牛熊證)")","","","","","","","","","","(元,股)","(元,交易單位)"
"證券代號","證券名稱","成交股數","成交筆數","成交金額","開盤價","最高價","最低價","收盤價","漲跌(+/-)","漲跌價差","最後揭示買價","最後揭示買量","最後揭示賣價","最後揭示賣量","本益比"
="0015  ","富邦            ","12000","3","85240","7.11","7.13","7.1","7.13","+","0.03","7.13","7","7.21","4","0.00"
="0050  ","元大台灣50      ","6802543","1157","355503105","52.25","52.65","52.05","52.4","+","0.1","52.35","102","52.4","613","0.00"
="0051  ","元大中型100     ","748000","86","18724160","25.5","25.66","25","25","-","0.5","25","208","25.4","1","0.00"
="0052  ","FB科技          ","7000","6","226910","32.66","32.66","32.28","32.36","+","0.17","32.3","1","32.45","1","0.00"
="0053  ","元大電子        ","19000","14","426400","22.11","22.71","22.11","22.41","+","0.19","22.43","10","22.65","14","0.00"
="0054  ","元大台商50      ","5000","5","99350","19.93","19.94","19.62","19.62","+","0.06","19.38","1","19.94","13","0.00"
="0055  ","元大MSCI金融    ","1235999","352","13098678","10.59","10.67","10.54","10.56","-","0.03","10.56","35","10.58","2","0.00"
="0056  ","元大高股息      ","212032","143","5018420","23.56","23.8","23.55","23.7","+","0.02","23.68","2","23.71","4","0.00"
="0057  ","FB摩台          ","132000","20","3939600","29.75","29.98","29.7","29.78","+","0.08","29.76","5","29.9","22","0.00"
="0058  ","FB發達          ","5000","4","161280","32.11","32.49","32.11","32.49","+","0.32","32.3","16","32.38","29","0.00"
="0059  ","FB金融          ","19000","9","456160","24.55","24.55","23.84","23.91","-","1.72","--","0","24.5","5","0.00"
="0060  ","新台灣          ","3000","3","78000","26","26","26","26","X","0","25.81","1","26.06","2","0.00"
="0061  ","元大寶滬深      ","16488655","2296","246216238","15.09","15.09","14.68","14.79","-","0.37","14.79","22","14.8","82","0.00"
="006203","元大MSCI台灣    ","2000","2","50980","25.49","25.49","25.49","25.49","+","0.59","25","10","25.44","2","0.00"
="006204","永豐臺灣加權    ","7000","3","260930","37.52","37.52","37.18","37.18","-","0.02","37.36","199","37.38","199","0.00"
="006205","FB上証          ","1019000","103","20685890","20.15","20.46","20.01","20.03","-","0.39","20.01","62","20.03","1","0.00"
="0080  ","恒中國          ","0","0","0","--","--","--","--"," ","0","359","1","370","1","0.00"
="0081  ","恒香港          ","100","1","74200","742","742","742","742","X","0","705","7","739","1","0.00"
="008201","BP上證50        ","5300","9","348405","65.7","67.8","65.5","66.9","+","1","65","10","66.9","11","0.00"
="01001T","土銀富邦R1      ","345125","101","5922971","17.56","17.56","16.98","17.45"," ","0","17.45","14","17.47","3","0.00"
="01002T","土銀國泰R1      ","1783200","261","33843312","19.35","19.4","18.5","18.65","-","0.75","18.65","7","18.7","19","0.00"
="01003T","兆豐新光R1      ","1941000","184","25954170","13.59","13.59","13.2","13.23","-","0.31","13.23","17","13.27","5","0.00"
="01004T","土銀富邦R2      ","66000","23","883140","13.49","13.49","13.29","13.39","-","0.1","13.3","10","13.39","10","0.00"
="01007T","兆豐國泰R2      ","615000","130","9224670","15.17","15.25","14.85","14.86","-","0.31","14.86","46","14.92","10","0.00"
="01008T","駿馬R1          ","767000","90","10220400","13.55","13.55","13.16","13.25","-","0.25","13.22","35","13.24","3","0.00"
"1101  ","台泥            ","5658552","1845","197845046","34.85","35.2","34.85","34.9","-","0.2","34.9","55","34.95","4","14.98"
"1102  ","亞泥            ","4477422","1396","161179392","36.1","36.3","35.8","36","-","0.1","36","80","36.05","1","11.29"
"1103  ","嘉泥            ","292335","88","3893267","13.35","13.45","13.25","13.3"," ","0","13.3","5","13.35","7","63.33"
"1104  ","環泥            ","127381","45","1736929","13.6","13.7","13.6","13.6","-","0.15","13.6","28","13.7","6","20.92"
"1108  ","幸福            ","281506","89","1621054","5.85","5.85","5.69","5.81","-","0.04","5.81","5","5.82","9","0.00"
"1109  ","信大            ","50000","15","535100","10.7","10.8","10.7","10.7"," ","0","10.7","14","10.75","8","62.94"
"1110  ","東泥            ","467004","127","5638048","12.1","12.15","12","12.1","-","0.15","12.05","10","12.1","31","302.5"
"1201  ","味全            ","784792","353","24966290","31.7","32.1","31.7","31.75","-","0.25","31.7","102","31.75","10","23.52"
"1203  ","味王            ","82105","45","1778656","21.8","21.8","21.55","21.65","-","0.2","21.6","24","21.65","2","127.35"
"1210  ","大成            ","894435","314","25503408","28.5","28.6","28.4","28.55","-","0.05","28.45","8","28.55","7","14"
"1213  ","大飲            ","117455","82","2949379","25.2","25.5","24.9","25.1","-","0.1","25.1","4","25.3","2","502"
"1215  ","卜蜂            ","168487","111","2369389","14","14.15","14","14.05","-","0.05","14.05","1","14.1","21","23.81"
"1216  ","統一            ","5003420","1406","210618690","42","42.4","41.7","42.15","+","0.15","42.1","1","42.15","181","20.26"
"1217  ","愛之味          ","823889","416","7541311","9.1","9.28","9.1","9.11","-","0.13","9.11","43","9.16","25","455.5"
"1218  ","泰山            ","716638","291","10631606","14.9","15","14.65","14.8","-","0.2","14.8","104","14.9","13","25.52"
"1219  ","福壽            ","244882","119","3587788","14.95","14.95","14.45","14.5","-","0.45","14.45","26","14.5","26","7.67"
"1220  ","台榮            ","64002","21","636988","9.99","10","9.88","9.97","+","0.04","9.93","10","9.97","1","12.31"
"1225  ","福懋油          ","31982","111","407682","12.5","12.9","12.5","12.85"," ","0","12.85","10","12.95","1","53.54"
"1227  ","佳格            ","2155668","1259","192958011","89","90.9","88.5","90.7","+","1.1","90.6","9","90.7","23","17.11"
"1229  ","聯華            ","718749","258","13109198","18.25","18.4","18.15","18.35"," ","0","18.25","12","18.35","7","10.19"
"1231  ","聯華食          ","162090","96","5593390","34.05","35","34.05","34.9","+","0.5","34.7","5","34.9","3","11.56"
"1232  ","大統益          ","64050","40","3181200","49.5","50.2","49.5","50.2","+","0.6","49.7","2","50.2","4","13.68"
"1233  ","天仁            ","56100","31","2758880","48.95","49.5","48.95","48.95"," ","0","48.95","20","49.3","4","18.9"
"1234  ","黑松            ","263199","143","9576403","36.4","36.55","36.1","36.45","+","0.05","36.45","2","36.5","22","49.93"
"1235  ","興泰            ","6864","9","171503","25","25.15","24.9","25.15"," ","0","25.15","1","25.2","2","76.21"
"1236  ","宏亞            ","115350","50","2816020","24.55","24.55","24.2","24.5","-","0.05","24.4","5","24.55","12","13.39"
"1301  ","台塑            ","21755345","6322","1786039601","83.6","83.6","81.4","81.9","-","2.1","81.8","22","81.9","1,007","14.02"
"1303  ","南亞            ","3039759","1260","183069975","60.4","60.5","59.8","60.5","+","0.1","60.3","9","60.5","7","20.51"
"1304  ","台聚            ","1312473","598","36359838","27.6","27.95","27.55","27.65","-","0.15","27.65","18","27.7","6","8.56"
"1305  ","華夏            ","2753016","570","31102830","11.2","11.45","11.15","11.25","-","0.15","11.2","72","11.25","68","0.00"
"1307  ","三芳            ","30146","25","730937","24","24.5","24","24.4"," ","0","24.2","8","24.45","3","12.45"
"1308  ","亞聚            ","589777","313","20620778","35","35.2","34.7","34.85","-","0.35","34.85","1","34.9","5","8.42"
"1309  ","台達化          ","262328","140","2891237","10.95","11.15","10.95","11","-","0.1","11","94","11.05","1","12.64"
"1310  ","台苯            ","317718","148","2281004","7.18","7.29","7.11","7.16","-","0.02","7.16","16","7.19","3","0.00"
"1312  ","國喬            ","3083203","781","40233814","13","13.4","12.9","13"," ","0","12.95","104","13","96","10.74"
"1312A ","國喬特          ","3000","3","57300","19.1","19.1","19.1","19.1"," ","0","18.8","3","19.45","3","0.00"
"1313  ","聯成            ","513080","157","8312986","16.1","16.35","16.1","16.1","-","0.2","16.1","25","16.2","934","16.26"
"1314  ","中石化          ","9140868","3284","279746458","30.5","30.9","30.1","30.7","+","0.2","30.7","62","30.75","88","5.55"
"1315  ","達新            ","86000","35","2644000","30.65","31.1","30.65","30.85","-","0.35","30.85","2","31.1","2","10.86"
"1316  ","上曜            ","1447949","565","33739677","22.7","23.95","22.6","23.95","+","1.3","23.9","4","23.95","14","0.00"
"1319  ","東陽            ","596772","313","17335722","29","29.3","28.8","29"," ","0","29","10","29.05","12","13.62"
"1321  ","大洋            ","229000","48","4936650","21.7","21.7","21.5","21.5","-","0.25","21.5","6","21.6","2","0.00"
"1323  ","永裕            ","469000","125","9543750","20.1","20.85","19.75","20.65","+","0.05","20.65","16","20.7","5","10.33"
"1324  ","地球            ","41000","16","505450","12.35","12.5","12.25","12.4","+","0.05","12.4","3","12.45","1","13.05"
"1325  ","恆大            ","115410","61","1991694","17.4","17.45","17.05","17.4","-","0.1","17.3","2","17.4","14","14.38"
"1326  ","台化            ","5378339","2428","448543754","84.3","84.4","82.8","83.6","-","0.9","83.3","3","83.7","89","14.44"
"1337  ","再生-KY         ","104000","88","8143400","78.5","78.8","77.9","78.7","-","0.1","78.7","1","78.8","1","9.05"
"1339  ","昭輝            ","2411055","1043","71204577","29.5","29.95","29","29.5","X","0","29.5","727","29.55","1","11.35"
"1402  ","遠東新          ","5170315","1263","170818795","33.15","33.35","32.85","33","-","0.4","33","124","33.05","98","14.6"
"1409  ","新纖            ","4035847","1823","36029129","8.95","9","8.82","8.98","-","0.02","8.96","1","8.98","14","13.01"
"1410  ","南染            ","45095","17","713190","15.8","15.9","15.8","15.8","-","0.05","15.8","4","15.85","5","14.91"
"1413  ","宏洲            ","71000","32","325280","4.5","4.68","4.45","4.65","+","0.06","4.63","1","4.67","13","0.00"
"1414  ","東和            ","2433988","720","24772075","10.3","10.4","10","10.25","-","0.1","10.25","9","10.3","8","1.91"
"1416  ","廣豐            ","381996","118","4950483","12.95","13.1","12.85","12.85","-","0.15","12.85","86","12.95","3","20.73"
"1417  ","嘉裕            ","896998","292","8110652","9","9.1","8.97","9.04","+","0.04","9.03","18","9.04","23","13.49"
"1418  ","東華            ","82554","27","595142","7.3","7.32","7.13","7.2","-","0.11","7.16","11","7.24","2","20.57"
"1419  ","新紡            ","360199","148","14301109","40.05","40.1","39.35","39.45","-","0.6","39.45","7","39.6","4","47.53"
"1423  ","利華            ","15465","10","114253","7.4","7.4","7.38","7.39","-","0.06","7.33","4","7.39","3","24.63"
"1432  ","大魯閣          ","17093","9","147591","8.8","8.8","8.61","8.67","-","0.08","8.67","3","8.75","3","15.48"
"1434  ","福懋            ","290319","157","7936790","27.4","27.5","27.15","27.4","-","0.2","27.25","26","27.4","37","22.28"
"1435  ","中福            ","119316","55","432766","3.61","3.74","3.56","3.58","-","0.06","3.57","10","3.58","5","0.00"
"1436  ","華友聯          ","158001","97","2332864","14.6","14.9","14.6","14.7","+","0.1","14.7","15","14.8","10","4.84"
"1437  ","勤益控          ","258089","64","3335298","12.85","13.05","12.65","12.95","+","0.1","12.95","11","13","10","0.00"
"1438  ","裕豐            ","0","0","0","--","--","--","--"," ","0","2.13","1","2.28","5","5.7"
"1439  ","中和            ","73334","36","1264794","17.35","17.35","17.2","17.25","-","0.1","17.2","20","17.25","3","0.00"
"1440  ","南紡            ","1035478","413","12645726","12.1","12.3","12","12.2","+","0.1","12.2","65","12.25","45","34.86"
"1441  ","大東            ","255048","109","2722962","10.6","10.75","10.55","10.75","-","0.05","10.75","3","10.8","14","6.76"
"1442  ","名軒            ","175027","103","4688518","26.5","27","26.5","27","+","0.05","26.8","11","27","27","7.8"
"1443  ","立益            ","63160","35","318583","5.07","5.1","4.99","4.99"," ","0","4.98","3","5.09","5","0.00"
"1444  ","力麗            ","1096692","312","11528058","10.5","10.6","10.45","10.5","-","0.1","10.5","26","10.55","102","12.07"
"1445  ","大宇            ","48101","15","362643","7.51","7.6","7.51","7.6","+","0.04","7.54","4","7.61","1","10.13"
"1446  ","宏和            ","317046","194","3762397","12","12.1","11.65","12","-","0.2","11.85","14","12","2","4.12"
"1447  ","力鵬            ","646300","237","5680275","8.65","8.88","8.65","8.85","+","0.08","8.85","3","8.87","3","0.00"
"1449  ","佳和            ","3000","3","5460","1.82","1.82","1.82","1.82"," ","0","1.72","2","1.9","2","0.00"
"1451  ","年興            ","343189","200","6832868","19.9","20.2","19.75","20.05","+","0.1","20","9","20.05","15","12.77"
"1452  ","宏益            ","78929","23","710337","9.01","9.05","8.94","9","-","0.04","9","53","9.01","2","13.43"
"1453  ","大將            ","13254","6","112658","8.5","8.5","8.5","8.5"," ","0","8.5","19","8.55","11","85"
"1454  ","台富            ","70001","24","525297","7.49","7.64","7.48","7.53","+","0.03","7.51","2","7.57","1","6.38"
"1455  ","集盛            ","1266211","376","12715698","10.1","10.1","9.99","10.1"," ","0","10.05","31","10.1","133","0.00"
"1456  ","怡華            ","131249","13","219184","1.67","1.67","1.67","1.67","+","0.1","1.67","5","--","0","0.00"
"1457  ","宜進            ","359537","76","2340503","6.44","6.6","6.44","6.54","-","0.01","6.51","5","6.54","46","0.00"
"1459  ","聯發            ","110697","45","1070297","9.63","9.8","9.63","9.7"," ","0","9.64","17","9.7","5","12.13"
"1460  ","宏遠            ","2258914","529","19362168","8.76","8.79","8.39","8.59","-","0.17","8.5","3","8.59","2","19.98"
"1463  ","強盛            ","264000","75","2664430","10","10.2","9.99","10.2","+","0.2","10.1","1","10.2","2","68"
"1464  ","得力            ","114000","25","1019310","9.01","9.01","8.87","9","-","0.01","9","3","9.01","11","39.13"
"1465  ","偉全            ","35000","20","489650","14","14.05","13.95","14","-","0.05","14","9","14.1","9","11.2"
"1466  ","聚隆            ","150253","74","2591601","17.4","17.4","17.1","17.3","-","0.1","17.3","1","17.5","28","7.9"
"1467  ","南緯            ","85000","36","722080","8.5","8.65","8.41","8.42","-","0.03","8.42","11","8.47","1","9.25"
"1468  ","昶和            ","25000","13","248930","9.94","10.05","9.9","10","+","0.05","9.9","1","10","3","7.94"
"1469  ","理隆            ","36000","14","323450","8.72","9.02","8.72","8.79","+","0.19","8.79","1","8.8","19","41.86"
"1470  ","大統染          ","10143","3","123687","12.2","12.2","12.2","12.2","X","0","12.1","2","12.2","1","24.9"
"1471  ","首利            ","598303","220","6843066","11.35","11.7","11.35","11.5","+","0.15","11.5","9","11.55","24","0.00"
"1472  ","三洋紡          ","12320","11","91076","7.4","7.4","7.39","7.39","-","0.03","7.39","1","7.47","1","0.00"
"1473  ","台南            ","119000","82","4234750","35.6","35.9","35.5","35.9","-","0.05","35.6","6","35.9","2","11.01"
"1474  ","弘裕            ","16200","9","117199","7.22","7.3","7.17","7.21","-","0.01","7.21","8","7.22","1","14.71"
"1475  ","本盟            ","7000","3","51060","7.28","7.3","7.28","7.3"," ","0","7.3","1","7.5","1","0.00"
"1476  ","儒鴻            ","797991","407","54478985","68.5","68.8","67.6","67.8","-","0.7","67.7","20","67.8","12","12.11"
"1477  ","聚陽            ","385037","257","32722645","85.5","85.5","84.6","84.9","-","0.9","84.9","5","85","3","12.45"
"1503  ","士電            ","452906","159","15827770","35","35.35","34.6","35","-","0.35","34.95","11","35","332","16.59"
"1504  ","東元            ","3925580","1334","80404677","20.35","20.65","20.3","20.5","+","0.05","20.45","259","20.5","20","13.58"
"1506  ","正道            ","112000","42","3005150","26.7","27","26.5","27","+","0.1","27","18","27.1","16","44.26"
"1507  ","永大            ","691618","291","33003698","47.9","48","47.35","47.5","-","0.4","47.3","8","47.5","86","13.23"
"1512  ","瑞利            ","65000","20","512430","8","8","7.81","7.85","-","0.11","7.85","15","7.94","7","19.63"
"1513  ","中興電          ","932752","371","15519954","16.8","16.8","16.55","16.55","-","0.3","16.55","109","16.6","10","13.91"
"1514  ","亞力            ","78015","35","609797","7.7","7.88","7.7","7.88","+","0.05","7.85","1","7.88","4","20.21"
"1515  ","力山            ","134000","51","653110","4.96","4.97","4.8","4.97","+","0.01","4.97","4","4.98","4","0.00"
"1516  ","川飛            ","24690","15","122740","4.98","4.98","4.97","4.97","-","0.01","4.97","7","5.18","2","0.00"
"1517  ","利奇            ","1156122","395","16255693","13.85","14.3","13.85","14.2","+","0.1","14.2","7","14.25","30","12.35"
"1519  ","華城            ","143500","78","1981725","13.75","13.95","13.65","13.9","+","0.15","13.85","1","13.9","7","32.33"
"1521  ","大億            ","86000","41","4635400","53.8","54.3","52.5","54.1","-","0.6","54","7","54.2","2","12.67"
"1522  ","堤維西          ","99532","61","1215713","12.05","12.5","12.05","12.35","+","0.05","12.3","2","12.35","5","77.19"
"1524  ","耿鼎            ","101260","36","649573","6.45","6.5","6.4","6.4","-","0.12","6.4","14","6.44","1","160"
"1525  ","江申            ","56100","36","2247220","40.1","40.5","39.1","40.45","-","0.35","40.15","8","40.4","1","9.11"
"1526  ","日馳            ","15009","12","120072","8","8","8","8"," ","0","7.94","1","8.05","1","15.38"
"1527  ","鑽全            ","1285900","427","27188619","21.6","21.7","20.65","21.15","-","1","21.15","14","21.3","14","8.89"
"1528  ","恩德            ","146305","61","1907695","13.1","13.1","13","13"," ","0","13","5","13.05","28","8.72"
"1529  ","樂士            ","0","0","0","--","--","--","--"," ","0","2.25","1","2.33","2","0.00"
"1530  ","亞崴            ","110000","66","3426100","30.7","31.95","30.6","31.95","+","0.65","31.7","3","32","3","12.24"
"1531  ","高林股          ","509910","243","10944264","21.5","21.6","21.2","21.5","+","0.1","21.45","10","21.5","28","7.93"
"1532  ","勤美            ","161276","87","3115723","19.4","19.65","19.2","19.3","-","0.15","19.3","2","19.4","10","15.82"
"1533  ","車王電          ","72142","41","1270970","17.2","18.2","17.2","17.55","+","0.35","17.55","2","17.65","1","13.71"
"1535  ","中宇            ","32043","30","1955987","61","61.3","60.9","61.1","-","0.4","61.1","2","61.3","6","12.47"
"1536  ","和大            ","310247","134","4524455","14.2","15","14.2","14.7","+","0.25","14.6","9","14.7","8","11.14"
"1537  ","廣隆            ","271500","107","12978849","45.6","49","45.6","48.3","-","0.7","48.1","5","48.3","10","12.51"
"1538  ","正峰新          ","1548000","630","18701950","12.55","12.55","11.9","11.9","-","0.85","11.9","369","11.95","16","0.00"
"1539  ","巨庭            ","6000","4","33680","5.38","5.79","5.38","5.74","+","0.1","5.73","2","5.74","2","0.00"
"1540  ","喬福            ","81230","53","1684161","20.7","20.85","20.65","20.75","-","0.05","20.7","2","20.8","8","13.05"
"1541  ","錩泰            ","43030","24","502854","11.3","11.85","11.3","11.8","+","0.3","11.7","5","11.8","7","0.00"
"1560  ","中砂            ","398000","283","16906400","42.2","43","41.7","42.6","+","0.4","42.6","9","42.7","5","13.7"
"1582  ","信錦            ","277000","186","10842900","38.75","39.5","38.75","38.9","-","0.3","38.85","22","38.9","1","10.51"
"1583  ","程泰            ","59000","38","2841900","47.35","48.5","47.35","48.35"," ","0","48.35","3","48.55","1","9.79"
"1590  ","亞德客-KY       ","245074","216","40959210","166.5","169.5","164","164.5","-","3.5","164.5","1","165.5","3","18.28"
"1603  ","華電            ","214678","78","1734018","7.86","8.25","7.86","8.06","+","0.14","8.06","2","8.1","5","18.32"
"1604  ","聲寶            ","740360","213","5789555","7.75","7.9","7.7","7.85"," ","0","7.85","15","7.88","13","23.09"
"1605  ","華新            ","5119994","1317","43766885","8.4","8.7","8.39","8.55","+","0.13","8.55","77","8.58","10","0.00"
"1608  ","華榮            ","292216","89","2301494","7.85","7.98","7.8","7.83","-","0.08","7.83","3","7.89","19","0.00"
"1609  ","大亞            ","767253","222","5794228","7.55","7.6","7.52","7.53","-","0.02","7.53","33","7.58","29","14.76"
"1611  ","中電            ","3183223","1537","68898479","21.3","21.95","21.05","21.85","+","0.55","21.85","36","21.9","42","16.43"
"1612  ","宏泰            ","161001","84","1500239","9.3","9.38","9.22","9.32","-","0.04","9.3","12","9.32","1","19.42"
"1613  ","台一            ","308319","134","1577108","5.05","5.2","5.02","5.11","-","0.02","5.08","24","5.11","2","7.41"
"1614  ","三洋電          ","170000","84","4893500","28.75","29.2","28.5","28.65","-","0.25","28.65","12","28.75","1","21.54"
"1615  ","大山            ","16050","15","184165","11.5","11.7","11.35","11.4","-","0.1","11.35","3","11.45","1","21.92"
"1616  ","億泰            ","44835","19","170290","3.7","3.9","3.7","3.82","-","0.06","3.8","6","3.82","5","0.00"
"1617  ","榮星            ","38001","28","446411","11.6","12.15","11.6","11.65","-","0.2","11.65","9","11.75","1","0.00"
"1618  ","合機            ","263991","107","2727556","10.4","10.45","10.25","10.3","-","0.05","10.3","14","10.4","6","13.73"
"1701  ","中化            ","828353","455","15644170","18.9","19.1","18.7","18.7","-","0.2","18.7","55","18.8","24","18.16"
"1702  ","南僑            ","993707","522","28638829","28.5","29.15","28.45","28.8","-","0.1","28.8","1","28.9","30","24.41"
"1704  ","榮化            ","953442","518","42531113","44.5","44.9","44.25","44.6","+","0.1","44.6","9","44.75","56","14.43"
"1707  ","葡萄王          ","217221","149","9905171","45.5","46.25","45.3","45.5","-","0.15","45.5","15","45.65","2","12.53"
"1708  ","東鹼            ","326500","132","10660100","32.5","32.95","32.5","32.8","+","0.2","32.7","11","32.85","7","10.48"
"1709  ","和益            ","422121","168","8865441","20.9","21.15","20.9","21.15","+","0.1","21.05","129","21.2","14","9.75"
"1710  ","東聯            ","4333558","1700","153737224","35.35","35.65","35.2","35.5","-","0.05","35.5","541","35.55","3","9.92"
"1711  ","永光            ","562561","183","10447095","18.4","18.85","18.4","18.6"," ","0","18.6","39","18.7","8","17.38"
"1712  ","興農            ","1069897","209","14388508","13.3","13.6","13.3","13.6","+","0.15","13.5","128","13.6","254","12.71"
"1713  ","國化            ","115501","22","1309610","11.2","11.4","11.2","11.35","+","0.05","11.3","39","11.35","1","33.38"
"1714  ","和桐            ","1083325","354","18419702","17","17.15","16.9","17.05","-","0.05","17","100","17.05","32","11.37"
"1715  ","萬洲            ","310533","85","4606936","14.9","14.9","14.75","14.85","-","0.05","14.8","25","14.85","24","14.42"
"1717  ","長興            ","233960","139","5443368","23.1","23.4","23","23.4","+","0.15","23.25","21","23.4","37","19.02"
"1718  ","中纖            ","1097101","315","10904372","9.91","10","9.89","9.95","+","0.04","9.95","92","9.99","6","15.79"
"1720  ","生達            ","108254","60","2529342","23.3","23.45","23.1","23.4"," ","0","23.3","11","23.4","5","15.92"
"1721  ","三晃            ","28000","13","196600","7","7.05","7","7.01","+","0.01","7.01","3","7.05","3","0.00"
"1722  ","台肥            ","2375025","1301","167124664","70.1","71","69.3","70.7","+","0.2","70.6","1","70.7","302","23.03"
"1723  ","中碳            ","648362","481","87201370","135","136","133","136","+","1","135","52","136","35","14.35"
"1724  ","台硝            ","463402","239","10987956","23.9","23.95","23.5","23.9","-","0.05","23.8","17","23.95","7","6.41"
"1725  ","元禎            ","13000","8","197100","15.1","15.25","15.1","15.1"," ","0","15.1","8","15.4","3","20.97"
"1726  ","永記            ","80143","48","3730739","46.5","46.75","46.35","46.5","-","0.15","46.5","2","46.6","1","10.79"
"1727  ","中華化          ","142775","93","2698575","19.05","19.05","18.6","18.75","-","0.3","18.75","2","18.8","5","13.02"
"1729  ","必翔            ","329000","201","11729350","36.1","36.25","35.3","35.75","-","0.35","35.6","7","35.75","1","1191.67"
"1730  ","花仙子          ","109001","53","1886967","17.45","17.45","17.25","17.35","-","0.05","17.3","8","17.35","1","9.64"
"1731  ","美吾華          ","2363375","973","30401617","12.8","13.2","12.45","13.15","+","0.75","13.1","1","13.15","19","41.09"
"1732  ","毛寶            ","10004","12","141310","14.1","14.2","14","14.05","-","0.15","14","9","14.15","1","42.58"
"1733  ","五鼎            ","896414","644","69723882","77.5","78.2","77.1","77.7","-","0.5","77.7","8","77.9","2","14.1"
"1734  ","杏輝            ","216023","117","5099244","23.5","23.75","23.4","23.7"," ","0","23.65","3","23.7","30","49.38"
"1735  ","日勝化          ","23001","18","236660","10.4","10.4","10.15","10.4"," ","0","10.3","1","10.5","2","33.55"
"1736  ","喬山            ","124225","98","10451252","84","85.5","82.6","83.7","-","1.2","83.7","23","84.5","2","21.63"
"1737  ","臺鹽            ","332205","185","6927872","20.7","21","20.65","20.85","-","0.05","20.85","26","20.9","9","29.79"
"1762  ","中化生          ","708450","468","37194244","52","53.1","51.6","52.5","+","0.3","52.5","5","52.6","19","23.86"
"1773  ","勝一            ","33100","25","1225300","36.8","37.2","36.8","37","-","0.1","37","13","37.1","1","10.19"
"1789  ","神隆            ","851424","591","44528428","52","53","51.6","52.3","+","0.2","52.3","2","52.4","3","34.41"
"1802  ","台玻            ","2027824","898","59829050","29.85","30","29.3","29.5","-","0.35","29.5","159","29.55","2","26.58"
"1805  ","寶徠            ","2274","6","35744","16.45","16.45","15.2","15.2","-","0.7","15.45","1","16.05","1","12.67"
"1806  ","冠軍            ","530781","213","6799765","12.7","12.95","12.7","12.8","-","0.05","12.8","84","12.85","1","5.87"
"1808  ","潤隆            ","466977","295","19434984","41.3","42","41.3","41.7","+","0.15","41.65","23","41.7","10","7.46"
"1809  ","中釉            ","549101","288","8991900","16.2","16.8","16.1","16.35","-","0.05","16.3","14","16.35","7","12.77"
"1810  ","和成            ","323001","113","2986879","9.28","9.39","9.16","9.28","-","0.07","9.23","3","9.28","17","77.33"
"1902  ","台紙            ","570769","140","5735240","10.05","10.15","10","10","-","0.05","10","5","10.05","188","19.23"
"1903  ","士紙            ","209998","106","8525568","40.3","40.9","40.3","40.8"," ","0","40.75","2","40.8","3","0.00"
"1904  ","正隆            ","356287","121","4200207","11.85","11.85","11.75","11.85","-","0.05","11.8","158","11.85","55","13.94"
"1905  ","華紙            ","861408","254","8670041","10.15","10.2","10","10","-","0.15","10","69","10.05","1","500"
"1906  ","寶隆            ","4001","3","28267","7.06","7.07","7.06","7.07","-","0.05","6.91","1","7.06","1","20.2"
"1907  ","永豐餘          ","982606","402","12878483","13.1","13.2","13","13","-","0.15","13","340","13.1","72","10.74"
"1909  ","榮成            ","427977","108","3655472","8.52","8.6","8.5","8.53","-","0.07","8.51","50","8.53","4","10.04"
"2002  ","中鋼            ","11809357","3153","340456838","28.8","29","28.7","28.85","+","0.05","28.8","59","28.9","1,038","22.36"
"2002A ","中鋼特          ","0","0","0","--","--","--","--"," ","0","39.45","1","39.9","2","0.00"
"2006  ","東和鋼鐵        ","1433880","615","39736182","27.6","27.8","27.6","27.75","-","0.05","27.7","10","27.75","213","10.16"
"2007  ","燁興            ","752517","138","4266763","5.67","5.67","5.67","5.67","+","0.37","5.67","2,275","--","0","567"
"2008  ","高興昌          ","1081914","106","7132113","6.2","6.63","6.2","6.6","+","0.4","6.35","75","6.6","17","0.00"
"2009  ","第一銅          ","160013","72","1267731","7.9","7.99","7.89","7.93","-","0.03","7.93","14","7.96","3","0.00"
"2010  ","春源            ","627198","113","7667332","12.3","12.35","12.2","12.35"," ","0","12.25","17","12.35","13","13.57"
"2012  ","春雨            ","199113","53","1830068","9.05","9.22","9.05","9.2"," ","0","9.2","23","9.21","1","10.95"
"2013  ","中鋼構          ","362733","167","10900640","30","30.2","29.95","30","-","0.05","30","24","30.05","10","8.72"
"2014  ","中鴻            ","1161295","363","10578609","9.05","9.2","9.03","9.1","-","0.01","9.1","49","9.11","23","0.00"
"2015  ","豐興            ","780555","610","38765836","50.1","50.1","49.3","49.35","-","1.15","49.35","10","49.5","27","10.75"
"2017  ","官田鋼          ","1095800","376","8499857","7.66","7.85","7.63","7.77","+","0.11","7.77","13","7.79","5","18.95"
"2020  ","美亞            ","168296","99","2022902","12","12.1","11.85","12.1","+","0.05","12.05","11","12.1","8","0.00"
"2022  ","聚亨            ","1527261","267","8543701","5.59","5.65","5.55","5.6","-","0.04","5.6","2","5.61","14","26.67"
"2023  ","燁輝            ","1079094","272","10819750","10","10.1","9.99","10"," ","0","10","60","10.05","435","29.41"
"2024  ","志聯            ","148004","28","1056788","7.02","7.34","7.02","7.12","+","0.11","7.09","1","7.12","6","5.31"
"2025  ","千興            ","333001","92","1306983","3.88","3.95","3.85","3.95","+","0.06","3.95","1","3.96","50","0.00"
"2027  ","大成鋼          ","217780","88","3441039","15.8","15.85","15.7","15.8","-","0.1","15.8","34","15.85","2","24.31"
"2028  ","威致            ","122658","71","625870","5.09","5.13","5.07","5.08","-","0.02","5.07","24","5.08","1","36.29"
"2029  ","盛餘            ","79150","62","1550289","19.65","19.75","19.4","19.7","+","0.05","19.5","6","19.7","8","13.13"
"2030  ","彰源            ","92875","43","1013798","10.9","11","10.85","10.95","-","0.05","10.9","16","10.95","2","0.00"
"2031  ","新光鋼          ","208629","101","4160062","19.75","20","19.75","19.9","-","0.1","19.9","3","20","63","28.03"
"2032  ","新鋼            ","26006","19","259858","10","10.05","9.95","9.95","-","0.15","9.95","2","10.05","8","82.92"
"2033  ","佳大            ","32109","18","347437","10.7","10.95","10.7","10.95","+","0.1","10.75","5","11","11","12.73"
"2034  ","允強            ","278341","117","4773578","17.25","17.4","17","17.1","-","0.15","17.1","22","17.2","1","13.57"
"2038  ","海光            ","236100","90","3250884","13.8","13.85","13.65","13.75","-","0.1","13.75","2","13.8","19","9.82"
"2049  ","上銀            ","4145429","3190","1119859688","272","274","266","271","-","3","270.5","12","271","36","16.7"
"2059  ","川湖            ","702400","399","116185100","167.5","169","162.5","164","-","4","164","4","164.5","1","16.82"
"2062  ","橋椿            ","18080","11","573569","32.25","32.25","31.5","31.8","+","0.1","31.4","1","32.2","5","12.62"
"2101  ","南港            ","3048181","1376","130541203","43.1","43.3","42.35","43.3","-","0.15","43.3","10","43.35","5","21.87"
"2102  ","泰豐            ","459143","150","6817647","14.95","15","14.7","14.7","-","0.25","14.7","25","14.85","56","11.48"
"2103  ","台橡            ","2238041","1263","156149772","69.6","70.3","69.5","70","+","0.4","69.9","3","70","58","8.72"
"2104  ","中橡            ","205752","167","5889251","28.4","28.7","28.4","28.5","-","0.2","28.5","12","28.55","5","14.32"
"2105  ","正新            ","5500199","1963","389929534","71.5","71.5","70.3","70.6","-","1.1","70.6","48","70.8","1","20.46"
"2106  ","建大            ","973124","396","31839638","32.5","33.1","32.3","32.75","+","0.1","32.75","3","32.8","40","7.48"
"2107  ","厚生            ","1051578","458","19462916","18.2","18.8","18.2","18.55","-","0.3","18.5","77","18.55","100","7.57"
"2108  ","南帝            ","307957","133","7601081","24.4","24.8","24.4","24.8","+","0.25","24.65","55","24.8","7","9.58"
"2109  ","華豐            ","138000","44","793520","5.7","5.79","5.7","5.79","-","0.01","5.78","5","5.79","19","0.00"
"2114  ","鑫永銓          ","34038","28","2017164","59","59.6","59","59.4"," ","0","59.1","4","59.4","5","9.83"
"2201  ","裕隆            ","15875824","6457","728708204","46","46.8","45.35","45.7","-","1.1","45.7","11","45.75","7","20.22"
"2204  ","中華            ","5474004","2488","136646542","25.05","25.2","24.7","25.05","-","0.25","25.05","16","25.1","13","11.39"
"2206  ","三陽工業        ","1743692","407","30542160","17.5","17.75","17.4","17.5","-","0.1","17.5","74","17.55","2","12.68"
"2207  ","和泰車          ","1452400","1076","262352300","180","182.5","179","182","+","1.5","181.5","14","182","25","15.09"
"2208  ","台船            ","504461","253","11925803","23.6","23.8","23.5","23.6"," ","0","23.6","64","23.7","10","9.83"
"2227  ","裕日車          ","619036","418","107264160","177","177","170","175","-","5.5","174.5","2","175","115","13.7"
"2231  ","為升            ","19660","18","932172","47.5","47.55","47.1","47.2","-","0.8","47.2","1","47.5","1","21.55"
"2301  ","光寶科          ","3664347","1782","127004859","34.5","35","34.3","34.8","+","0.45","34.7","3","34.8","61","10.98"
"2302  ","麗正            ","33983","20","145205","4.23","4.29","4.23","4.26","+","0.03","4.26","3","4.28","1","0.00"
"2303  ","聯電            ","31425053","6727","465594265","15","15","14.55","14.75","-","0.3","14.75","2,052","14.8","435","18.21"
"2305  ","全友            ","19000","10","60980","3.25","3.25","3.17","3.2","-","0.03","3.2","1","3.21","1","12.8"
"2308  ","台達電          ","9124495","4880","829184784","89.5","92.1","89.5","91","+","1.5","90.9","2","91","31","19.91"
"2311  ","日月光          ","20360155","4477","579844710","28.7","28.7","28.25","28.4","-","0.55","28.4","32","28.45","8","13.79"
"2312  ","金寶            ","631090","195","4213202","6.61","6.73","6.61","6.65","-","0.01","6.65","60","6.68","6","332.5"
"2313  ","華通            ","8945450","2385","100484401","11","11.45","11","11.45","+","0.45","11.4","135","11.45","175","13.96"
"2314  ","台揚            ","1071640","350","9339653","8.65","8.87","8.5","8.87","+","0.58","8.87","5,423","--","0","0.00"
"2315  ","神達            ","7670280","1880","77503698","9.88","10.35","9.8","10.35","+","0.47","10.35","37","10.4","289","60.88"
"2316  ","楠梓電          ","904465","277","11546653","12.65","12.9","12.65","12.8","+","0.15","12.75","70","12.8","15","10"
"2317  ","鴻海            ","39841625","15051","4082464604","100","104","100","103.5","+","3.6","103","432","103.5","602","13.56"
"2321  ","東訊            ","90291","18","226976","2.51","2.65","2.5","2.65","+","0.14","2.55","6","2.65","2","0.00"
"2323  ","中環            ","5537297","2002","26984934","4.83","4.93","4.81","4.93","+","0.08","4.89","34","4.93","121","0.00"
"2324  ","仁寶            ","9298722","2662","314863635","33.8","34.25","33.3","33.95","+","0.15","33.8","63","33.95","109","13.53"
"2325  ","矽品            ","6717768","2147","224458425","33.2","34","33.15","33.2","-","0.25","33.2","65","33.25","2","21.42"
"2327  ","國巨            ","3001936","854","25191062","8.4","8.47","8.36","8.36","-","0.12","8.36","62","8.4","35","11"
"2328  ","廣宇            ","1494029","822","36001743","24","24.5","23.6","24","+","0.1","23.95","2","24","7","0.00"
"2329  ","華泰            ","223726","79","974743","4.21","4.48","4.21","4.39","-","0.01","4.36","3","4.39","13","0.00"
"2330  ","台積電          ","33319546","7216","2803922726","83.8","84.6","83.6","84.6","+","0.3","84.3","7","84.6","1,836","16.33"
"2331  ","精英            ","964033","315","7253933","7.45","7.58","7.43","7.51","-","0.06","7.51","27","7.55","11","20.86"
"2332  ","友訊            ","1737090","615","35544186","20.45","20.7","20.3","20.45","-","0.1","20.45","99","20.5","23","13.63"
"2337  ","旺宏            ","9276605","2443","97212567","10.45","10.6","10.4","10.4"," ","0","10.4","1,914","10.45","194","12.09"
"2338  ","光罩            ","145305","65","1627381","11.1","11.3","11.05","11.2"," ","0","11.15","22","11.2","1","22.4"
"2340  ","光磊            ","3491002","1041","47388026","13.55","13.7","13.4","13.65","+","0.1","13.65","13","13.7","67","15.87"
"2342  ","茂矽            ","1187451","325","4568333","3.86","3.97","3.74","3.83","-","0.01","3.83","15","3.84","25","0.00"
"2344  ","華邦電          ","14263005","2730","66380862","4.43","4.71","4.43","4.71","+","0.3","4.71","5,644","--","0","0.00"
"2345  ","智邦            ","3448807","1041","61374607","17.7","18.05","17.55","17.9"," ","0","17.8","19","17.9","355","10.78"
"2347  ","聯強            ","3558611","1428","243384848","68","69.2","67.8","68.5"," ","0","68.3","10","68.5","28","14.86"
"2348  ","海悅            ","1056","2","1584","1.5","1.5","1.5","1.5","X","0","1.48","1","1.56","1","5.56"
"2349  ","錸德            ","9010729","1326","38967853","4.3","4.38","4.26","4.33","+","0.02","4.33","89","4.34","6","0.00"
"2351  ","順德            ","461174","250","10868323","23.25","24.05","23.2","23.8","-","0.2","23.75","16","23.8","2","28"
"2352  ","佳世達          ","2611999","735","16928196","6.45","6.56","6.36","6.5","+","0.05","6.5","228","6.51","5","0.00"
"2353  ","宏碁            ","26890482","9844","902573031","34.2","34.65","33.1","33.2","-","1.1","33.2","173","33.25","6","0.00"
"2354  ","鴻準            ","13934267","7704","1403462694","99.8","102.5","99.8","101","+","2.6","100.5","493","101","13","14.79"
"2355  ","敬鵬            ","952541","554","25517299","26.6","26.95","26.5","26.95","+","0.25","26.8","22","26.95","28","9.26"
"2356  ","英業達          ","9283659","2935","123097075","12.9","13.45","12.9","13.45","+","0.55","13.4","29","13.45","453","19.21"
"2357  ","華碩            ","2484916","1806","689122316","279","279.5","275.5","276","-","3.5","276","15","276.5","1","12.53"
"2358  ","廷鑫            ","1139929","319","15560175","13.6","13.8","13.5","13.8","+","0.2","13.75","10","13.8","53","0.00"
"2359  ","所羅門          ","134593","38","1390726","10.3","10.4","10.25","10.25","-","0.05","10.25","11","10.3","4","17.98"
"2360  ","致茂            ","306456","207","20952671","67.6","68.7","67.6","68.7","+","0.3","68.7","5","68.8","4","17"
"2361  ","鴻友            ","3312","5","6643","2.05","2.05","2.05","2.05","+","0.05","2","5","2.12","2","0.00"
"2362  ","藍天            ","441907","275","20424093","46.2","46.8","45.75","46","-","0.3","46","17","46.1","2","23.47"
"2363  ","矽統            ","1095873","445","11930766","11.05","11.1","10.75","10.8","-","0.25","10.8","14","10.85","4","0.00"
"2364  ","倫飛            ","442030","105","1364832","3.06","3.13","3.05","3.12","+","0.03","3.08","101","3.12","5","15.6"
"2365  ","昆盈            ","433127","149","4733971","11","11.1","10.8","10.9","-","0.15","10.9","12","10.95","1","29.46"
"2367  ","燿華            ","3372706","1068","39063837","11.5","11.85","11.45","11.5","-","0.2","11.5","282","11.6","3","13.53"
"2368  ","金像電          ","2132779","641","13826512","6.3","6.59","6.3","6.5","+","0.2","6.5","23","6.51","4","0.00"
"2369  ","菱生            ","1879110","755","32241453","17.05","17.3","16.85","17.3","+","0.25","17.2","7","17.3","7","16.32"
"2371  ","大同            ","4367359","999","33918225","7.72","7.82","7.72","7.76","-","0.01","7.76","21","7.77","7","13.15"
"2373  ","震旦行          ","55000","49","2745850","49.7","50.5","49.6","49.6","-","0.2","49.5","2","49.7","3","15.75"
"2374  ","佳能            ","857052","381","22770381","26.5","26.8","26.4","26.5","-","0.25","26.45","41","26.65","10","10.82"
"2375  ","智寶            ","323455","109","1536973","4.65","4.83","4.56","4.83","+","0.08","4.75","25","4.83","15","0.00"
"2376  ","技嘉            ","1044911","649","26891460","25.55","25.8","25.55","25.75","+","0.25","25.7","23","25.75","14","10.47"
"2377  ","微星            ","1170848","466","14837273","12.5","12.8","12.45","12.75","+","0.25","12.7","56","12.75","4","36.43"
"2379  ","瑞昱            ","3312011","1764","184792116","55.7","56.4","55","56.4","+","0.7","56.1","5","56.4","31","17.41"
"2380  ","虹光            ","124150","62","1289209","10.35","10.5","10.3","10.45","+","0.1","10.45","4","10.5","21","47.5"
"2382  ","廣達            ","6874747","3556","525853672","75.1","77.1","75.1","76.3","-","0.3","76.3","128","76.4","133","12.72"
"2383  ","台光電          ","1974920","894","49322651","25","25.2","24.6","25.1","+","0.4","25","12","25.1","42","8.84"
"2384  ","勝華            ","15385835","5671","291968110","18.4","19.2","18.4","19.2","+","0.6","19.15","42","19.2","874","0.00"
"2385  ","群光            ","1785585","1233","100109929","56.6","56.6","55.6","56.3","-","0.5","56.3","4","56.4","21","8.73"
"2387  ","精元            ","238323","118","3931629","16.2","16.8","16.2","16.5","-","0.1","16.4","20","16.5","2","19.41"
"2388  ","威盛            ","1427835","583","24891250","17.5","17.65","17.3","17.35","+","0.05","17.35","33","17.4","2","0.00"
"2390  ","云辰            ","230700","85","1967120","8.44","8.69","8.4","8.44","-","0.06","8.44","1","8.54","1","0.00"
"2392  ","正崴            ","5262469","2610","312505467","58.7","60.3","58.3","60.3","+","1.6","60.2","3","60.3","15","13.28"
"2393  ","億光            ","3451248","1918","209879297","60.6","61.7","59.4","61.7","+","0.7","61.7","5","61.8","96","19.65"
"2395  ","研華            ","372613","315","37177187","99.1","101","98.9","99.5","-","0.1","99.4","2","99.5","421","15.5"
"2397  ","友通            ","72000","34","1610500","22.55","22.55","22.2","22.2","-","0.2","22.2","3","22.4","7","12.13"
"2399  ","映泰            ","370432","108","5703681","15.4","15.45","15.3","15.4","-","0.05","15.35","96","15.4","2","8.95"
"2401  ","凌陽            ","1391156","364","13727242","9.78","9.98","9.75","9.81","+","0.03","9.81","2","9.89","78","0.00"
"2402  ","毅嘉            ","4696887","1402","66618538","14","14.4","13.95","14.15","-","0.05","14.15","166","14.2","157","56.6"
"2404  ","漢唐            ","1135143","563","30380111","26.75","26.95","26.35","26.95","+","0.2","26.9","24","27","28","7.63"
"2405  ","浩鑫            ","334000","134","3149910","9.48","9.55","9.31","9.38","-","0.1","9.34","14","9.4","17","156.33"
"2406  ","國碩            ","4121730","1516","84503921","20.1","21.2","19.75","21.2","+","0.8","21","4","21.2","103","44.17"
"2408  ","南亞科          ","4566231","387","11017983","2.26","2.57","2.26","2.54","+","0.12","2.51","10","2.54","304","0.00"
"2409  ","友達            ","43265346","7844","584674760","13.65","13.65","13.4","13.45","-","0.35","13.4","3,429","13.45","42","0.00"
"2412  ","中華電          ","18923233","6948","1697500470","88.3","90.3","88.2","89.7","+","1.4","89.7","948","89.8","102","14.78"
"2413  ","環科            ","152417","55","1163228","7.58","7.7","7.5","7.69","+","0.11","7.63","3","7.68","2","0.00"
"2414  ","精技            ","343168","91","5331888","15.6","15.65","15.4","15.5","-","0.05","15.5","2","15.6","20","10.33"
"2415  ","錩新            ","271101","107","2978761","11","11.1","10.9","10.9","-","0.1","10.9","52","10.95","13","6.94"
"2417  ","圓剛            ","836557","452","19386580","23","23.4","23","23.2","+","0.2","23.2","16","23.25","31","8.08"
"2419  ","仲琦            ","1033653","375","17222173","16.7","16.85","16.55","16.55","-","0.15","16.55","70","16.7","24","14.03"
"2420  ","新巨            ","154799","101","3615136","23.15","23.7","23.1","23.5","+","0.3","23.4","3","23.5","7","9.92"
"2421  ","建準            ","796152","250","15757351","19.75","20.1","19.6","19.75"," ","0","19.75","10","19.8","50","11.83"
"2423  ","固緯            ","71500","38","1441848","20.2","20.2","20.1","20.1","-","0.1","20.1","2","20.2","3","8.38"
"2424  ","隴華            ","7000","7","107550","15.05","15.5","15","15.5","-","0.2","15.5","15","15.6","1","7.87"
"2425  ","承啟            ","124722","80","3197226","25.7","26","24.9","26","+","0.1","25.85","1","26","14","0.00"
"2426  ","鼎元            ","614950","250","7373650","11.9","12.1","11.85","12.1","+","0.2","12.05","38","12.1","6","0.00"
"2427  ","三商電          ","606012","205","6061240","9.91","10.1","9.91","10.1","+","0.19","10.05","10","10.1","62","38.85"
"2428  ","興勤            ","173449","95","4884972","28.1","28.4","27.8","28.15","+","0.05","28.15","1","28.2","3","8.88"
"2429  ","銘旺科          ","0","0","0","--","--","--","--"," ","0","--","","--","","0.00"
"2430  ","燦坤            ","300898","238","20430277","67.8","68.1","67.6","67.8"," ","0","67.8","6","67.9","13","10.54"
"2431  ","聯昌            ","261845","113","2157329","8.25","8.38","8.1","8.17","-","0.08","8.17","1","8.19","3","0.00"
"2433  ","互盛電          ","61679","58","2508230","40.5","40.95","40.5","40.55","-","0.25","40.55","8","40.7","11","8.47"
"2434  ","統懋            ","108080","54","732857","6.92","6.92","6.61","6.86","-","0.06","6.77","5","6.86","7","0.00"
"2436  ","偉詮電          ","692968","332","9263973","13.3","13.6","13.25","13.4","+","0.05","13.35","33","13.4","11","43.23"
"2437  ","旺詮            ","57080","43","1742264","30.45","31","30.2","30.5","-","0.55","30.5","5","30.9","1","8.01"
"2438  ","翔耀            ","345495","15","734948","2.11","2.13","2.1","2.13","+","0.12","2.1","9","2.13","20","0.00"
"2439  ","美律            ","1281500","725","62852975","48.3","49.6","48.3","49","+","0.7","48.9","19","49","5","24.5"
"2440  ","太空梭          ","38312","25","202587","5.4","5.41","5.13","5.37","-","0.03","5.35","2","5.38","5","0.00"
"2441  ","超豐            ","141798","79","3295018","23","23.45","23","23.05","-","0.15","23.05","16","23.1","1","14.14"
"2442  ","新美齊          ","105000","43","777670","7.38","7.46","7.35","7.46","-","0.03","7.38","9","7.48","2","0.00"
"2443  ","新利虹          ","841999","138","2013636","2.44","2.46","2.34","2.41","-","0.03","2.41","12","2.42","23","0.00"
"2444  ","友旺            ","334487","115","2174033","6.45","6.6","6.4","6.53","+","0.08","6.49","5","6.53","4","72.56"
"2448  ","晶電            ","7994348","4123","557017093","70.9","71.3","69","70.2","-","1.5","70.1","49","70.2","3","125.36"
"2449  ","京元電子        ","5082765","1027","61270165","12.1","12.15","11.95","12.05","-","0.05","12","26","12.05","97","30.9"
"2450  ","神腦            ","2921180","2058","348176100","121","122","117","118.5","-","2.5","118.5","31","119","42","21.94"
"2451  ","創見            ","328650","266","25597962","77.8","78.5","77.3","78.5","+","0.9","78.1","1","78.5","62","11.66"
"2453  ","凌群            ","87000","40","914050","10.45","10.65","10.35","10.5"," ","0","10.5","13","10.55","15","16.41"
"2454  ","聯發科          ","7241415","4737","1875684400","260","262","257","258","-","2.5","258","172","258.5","3","21.74"
"2455  ","全新            ","2736150","1548","133572730","47.2","49.8","47.2","49.2","+","1.2","49.2","13","49.3","9","21.39"
"2456  ","奇力新          ","290393","97","4336986","14.95","15.15","14.8","14.85","-","0.1","14.85","6","14.95","3","10.53"
"2457  ","飛宏            ","1556302","758","59352551","37.7","38.7","37.7","38.1"," ","0","38.1","7","38.15","11","7.34"
"2458  ","義隆            ","7010294","3220","274163523","39.6","39.8","38.5","39.15","-","0.5","39.15","10","39.2","28","34.65"
"2459  ","敦吉            ","132000","73","3422150","26","26.2","25.6","26"," ","0","25.95","3","26","2","8.52"
"2460  ","建通            ","77225","46","1066162","13.7","13.9","13.7","13.85","-","0.05","13.8","4","13.85","1","12.82"
"2461  ","光群雷          ","202000","61","2003460","9.8","10","9.8","9.95","+","0.09","9.86","14","9.97","6","0.00"
"2462  ","良得電          ","241610","125","7775575","31.85","32.5","31.85","32.4","-","0.1","32.4","28","32.45","2","9.08"
"2464  ","盟立            ","415886","159","9259657","22.2","22.5","22.2","22.25","-","0.3","22.25","53","22.3","5","10.91"
"2465  ","麗臺            ","72486","34","409021","5.4","5.73","5.4","5.62","+","0.09","5.62","2","5.65","4","0.00"
"2466  ","冠西電          ","50000","28","1229050","24.65","24.7","24.5","24.6","-","0.1","24.55","3","24.6","1","0.00"
"2467  ","志聖            ","473241","277","10100079","21.05","21.55","21.05","21.4","+","0.15","21.35","11","21.4","4","8.46"
"2468  ","華經            ","85273","36","980757","11.25","11.7","11.25","11.4","+","0.15","11.4","9","11.45","4","18.69"
"2471  ","資通            ","109012","79","1817801","16.15","17.1","16.15","16.65","-","0.1","16.65","5","16.75","4","11.1"
"2472  ","立隆電          ","225000","124","3499150","15.25","15.75","15.25","15.7"," ","0","15.65","3","15.7","20","8.87"
"2473  ","思源            ","2707402","1607","110829841","40.7","41.35","40.3","41.15","+","0.45","41.05","6","41.15","1","14.29"
"2474  ","可成            ","22557680","13324","4382578280","192","197","191.5","196","+","6","195.5","30","196","116","13.78"
"2475  ","華映            ","12221985","1061","20005006","1.63","1.67","1.61","1.62","-","0.03","1.62","337","1.63","5","0.00"
"2476  ","鉅祥            ","106844","81","1639986","15.4","15.45","15.25","15.3","-","0.1","15.25","30","15.35","12","10.7"
"2477  ","美隆電          ","11000","7","109800","9.8","10.1","9.8","9.9","+","0.05","9.9","1","9.94","1","0.00"
"2478  ","大毅            ","47446","26","841721","17.6","17.9","17.6","17.75"," ","0","17.65","14","17.75","5","18.11"
"2480  ","敦陽科          ","465000","219","12505700","26.6","27.1","26.6","26.75","-","0.25","26.75","3","26.85","4","12.86"
"2481  ","強茂            ","1082651","443","13903427","12.7","12.95","12.7","12.95","+","0.25","12.9","16","12.95","36","0.00"
"2482  ","連宇            ","59735","28","616197","10.35","10.4","10.2","10.3","-","0.05","10.25","2","10.3","9","85.83"
"2483  ","百容            ","23518","15","284817","12","12.2","12","12.1","-","0.1","12.05","1","12.15","4","75.63"
"2484  ","希華            ","403737","138","3966260","9.7","9.94","9.7","9.83","+","0.12","9.8","4","9.83","3","0.00"
"2485  ","兆赫            ","852636","472","27068785","31.5","32.15","31.4","31.7","-","0.1","31.7","61","31.8","1","11.24"
"2486  ","一詮            ","2313219","1037","52719437","23","23.15","22.4","23.15","+","0.5","23.1","19","23.15","86","0.00"
"2488  ","漢平            ","57000","19","568350","9.9","9.99","9.89","9.93","-","0.06","9.93","2","10","12","165.5"
"2489  ","瑞軒            ","2466221","1026","55384589","22.6","22.65","22.2","22.45","-","0.2","22.45","42","22.5","6","15.17"
"2491  ","吉祥全          ","70252","32","225000","3.31","3.31","3.12","3.2","-","0.11","3.2","4","3.23","3","0.00"
"2492  ","華新科          ","791177","226","6216817","7.83","7.94","7.77","7.85","+","0.02","7.83","6","7.85","9","0.00"
"2493  ","揚博            ","1144641","533","31690948","27.5","27.9","27.45","27.85","+","0.1","27.85","10","27.9","5","8.03"
"2495  ","普安            ","271370","138","6248010","22.8","23.2","22.8","23"," ","0","22.95","11","23.1","13","20.35"
"2496  ","卓越            ","15000","8","113740","7.5","8.02","7.1","7.1","-","0.4","7.1","10","7.8","8","0.00"
"2497  ","怡利電          ","938215","496","35212508","37.3","38.3","36.75","37.45","+","0.15","37.45","5","37.5","10","23.85"
"2498  ","宏達電          ","7722401","5995","3674154381","476","480","468","478.5","+","5.5","478","19","478.5","9","6.58"
"2499  ","東貝            ","2130426","1016","66313899","31","31.45","30.7","31.35"," ","0","31.3","56","31.35","98","0.00"
"2501  ","國建            ","3577610","949","47275368","13.1","13.4","13.05","13.2"," ","0","13.2","411","13.25","25","7.06"
"2504  ","國產            ","1095923","306","12268480","11.1","11.25","11.1","11.2","+","0.05","11.2","117","11.25","22","21.54"
"2505  ","國揚            ","4993424","932","57955241","11.8","11.95","11.3","11.4","-","0.35","11.35","79","11.4","94","13.73"
"2506  ","太設            ","791153","249","7122877","9.03","9.28","8.9","8.95","-","0.14","8.95","15","8.99","10","3.81"
"2509  ","全坤建          ","278010","131","5600753","20.2","20.45","20","20.2"," ","0","20.15","3","20.2","5","7.8"
"2511  ","太子            ","2224770","946","45414076","20.25","20.55","20.1","20.45","-","0.05","20.45","63","20.5","22","9.6"
"2514  ","龍邦            ","67016","35","814095","12.1","12.3","12.05","12.25","+","0.1","12.2","9","12.25","1","1225"
"2515  ","中工            ","1748790","572","13465288","7.65","7.77","7.62","7.73","+","0.03","7.72","16","7.73","10","70.27"
"2516  ","新建            ","341930","135","3029026","8.8","9","8.7","8.87"," ","0","8.87","12","8.89","6","8.37"
"2520  ","冠德            ","2190731","658","38964671","17.7","18","17.65","17.75","-","0.1","17.75","11","17.85","99","8.92"
"2524  ","京城            ","279844","142","7149686","25.4","25.95","25.25","25.4","-","0.2","25.4","24","25.5","4","10.95"
"2527  ","宏璟            ","171000","81","2022500","11.9","12","11.7","11.85","-","0.1","11.85","13","11.9","1","6.77"
"2528  ","皇普            ","2098","3","19624","9","9.68","9","9.68","X","0","9.61","1","9.7","1","0.00"
"2530  ","華建            ","191378","77","1823814","9.62","9.63","9.46","9.5","-","0.12","9.5","3","9.58","4","9.6"
"2534  ","宏盛            ","545701","159","7955643","14.55","14.75","14.5","14.5","-","0.05","14.5","56","14.55","4","9.67"
"2535  ","達欣工          ","335408","194","6185336","18.5","18.55","18.3","18.4","-","0.15","18.4","13","18.45","5","10.17"
"2536  ","宏普            ","1366231","645","35478629","26.25","26.65","25.55","26","-","0.65","26","47","26.05","6","10.61"
"2537  ","聯上發          ","86655","31","1328125","15.35","15.35","15.3","15.3","-","0.25","15.3","6","15.4","1","2.9"
"2538  ","基泰            ","2628020","871","41843122","15.75","16.2","15.7","16.05","+","0.1","16","22","16.05","38","9.55"
"2539  ","櫻花建          ","3061","6","62909","20.8","20.8","20.15","20.75","X","0","20.6","1","20.7","2","13.22"
"2540  ","愛山林          ","0","0","0","--","--","--","--"," ","0","--","0","6.3","1","0.00"
"2542  ","興富發          ","1114395","618","55036286","49.15","49.8","49","49.6","+","0.25","49.5","12","49.6","29","5.64"
"2543  ","皇昌            ","26381","15","152405","6.09","6.09","5.73","5.75","+","0.04","5.74","1","5.76","2","13.69"
"2545  ","皇翔            ","997202","571","55713390","55.3","56.6","54.8","56.2","+","0.5","55.8","6","56.2","2","13.41"
"2546  ","根基            ","46002","24","610376","13.25","13.3","13.2","13.3"," ","0","13.2","5","13.3","10","12.09"
"2547  ","日勝生          ","2901622","1223","61898461","21.25","21.55","21.15","21.35","+","0.2","21.3","10","21.35","7","6.63"
"2548  ","華固            ","743400","474","52355855","70","71.1","69.2","71.1","+","0.7","70.8","12","71.1","4","6.88"
"2597  ","潤弘            ","94005","59","3354830","36.3","36.3","34.5","35.65","-","0.85","35.3","2","35.65","1","22.85"
"2601  ","益航            ","845654","515","34606016","40.6","41.6","40.5","40.7","-","0.3","40.7","18","40.8","3","20.77"
"2603  ","長榮            ","11320840","2873","191928829","16.45","17.2","16.45","17","+","0.5","17","259","17.05","13","0.00"
"2605  ","新興            ","566525","363","16635978","29.1","29.5","29","29.5","+","0.4","29.45","1","29.5","65","9.52"
"2606  ","裕民            ","660845","359","33522521","50.9","51.2","50.3","50.7","-","0.5","50.6","4","50.7","3","15.94"
"2607  ","榮運            ","3028215","575","43309438","14.15","14.55","14.1","14.2","-","0.1","14.2","82","14.25","3","18.68"
"2608  ","大榮            ","256239","132","8394138","32.8","32.95","32.6","32.95","+","0.05","32.9","4","32.95","6","23.04"
"2609  ","陽明            ","8935155","2059","115828598","12.85","13.1","12.85","12.9","+","0.05","12.9","444","12.95","179","0.00"
"2610  ","華航            ","8725849","1975","97941890","11.3","11.35","11.15","11.15","-","0.2","11.15","4","11.2","243","0.00"
"2611  ","志信            ","334319","61","4861075","14.6","14.7","14.4","14.6"," ","0","14.55","35","14.6","75","0.00"
"2612  ","中航            ","61153","51","2551155","41.8","42","41.5","41.8","-","0.2","41.8","5","41.95","2","10.66"
"2613  ","中櫃            ","95000","43","1333750","14","14.2","13.9","13.9","-","0.15","13.9","8","13.95","4","11.49"
"2614  ","東森            ","2441648","340","8848149","3.61","3.68","3.6","3.62","-","0.03","3.62","31","3.63","2","0.00"
"2615  ","萬海            ","1793322","608","27192841","15.1","15.3","14.8","15.3","+","0.15","15.25","10","15.3","71","1530"
"2616  ","山隆            ","33146","25","625495","18.85","18.9","18.85","18.85","-","0.05","18.85","2","18.9","6","10.53"
"2617  ","台航            ","66051","41","1947616","29.3","29.7","29.3","29.5","-","0.15","29.5","6","29.6","5","10.54"
"2618  ","長榮航          ","6546424","1530","111878261","17","17.2","17","17.1","+","0.1","17.05","182","17.1","104","285"
"2637  ","慧洋-KY         ","272659","151","11551624","42","42.75","42","42.4","+","0.1","42.3","2","42.4","4","7.56"
"2701  ","萬企            ","30397","20","405419","13.3","13.4","13.3","13.35","-","0.05","13.35","5","13.4","4","26.18"
"2702  ","華園            ","21200","10","436960","20.5","20.75","20.5","20.6"," ","0","20.45","2","20.65","2","21.68"
"2704  ","國賓            ","428000","241","14980850","35","35.4","34.8","34.8","-","0.4","34.8","4","35","17","29.74"
"2705  ","六福            ","1139557","417","19644827","17.3","17.45","17.05","17.25","-","0.15","17.25","13","17.3","13","10.03"
"2706  ","第一店          ","87241","73","1681873","19.2","19.55","19.15","19.4"," ","0","19.25","2","19.4","1","28.53"
"2707  ","晶華            ","112071","101","44423823","395.5","400","392","395.5"," ","0","394.5","2","395.5","34","35.92"
"2722  ","夏都            ","387000","247","15939850","41","41.8","40.6","40.8","-","0.7","40.8","51","40.9","2","24"
"2723  ","美食-KY         ","110270","104","25321195","229.5","232","227","230","+","0.5","228.5","1","230","53","27.58"
"2727  ","王品            ","263763","213","114757694","436","439","432.5","435","-","5","434.5","1","436","4","38.22"
"2801  ","彰銀            ","7137280","1417","114046930","16","16.1","15.9","16","-","0.1","15.95","842","16","98","11.94"
"2809  ","京城銀          ","2328270","788","39001345","16.65","16.9","16.6","16.75","-","0.15","16.7","188","16.75","7","6.81"
"2812  ","台中銀          ","1395733","322","12609027","9.04","9.09","9","9.02","-","0.02","9.01","7","9.02","9","13.88"
"2816  ","旺旺保          ","341812","129","3917525","11.4","11.65","11.3","11.4","-","0.1","11.4","9","11.45","10","28.5"
"2820  ","華票            ","6767820","1314","83065167","12.2","12.35","12.2","12.3"," ","0","12.3","38","12.35","198","3.89"
"2823  ","中壽            ","9030501","3207","232676117","25.5","26.1","25.5","25.65","-","0.15","25.65","273","25.7","22","13.43"
"2832  ","台產            ","278920","199","5670660","20.5","20.5","20.1","20.5","-","0.1","20.5","1","20.55","2","10.62"
"2833  ","台壽保          ","1081314","511","17909377","16.4","16.8","16.3","16.5","+","0.1","16.45","99","16.55","3","50"
"2833A ","台壽甲          ","2000","2","69900","34.95","34.95","34.95","34.95","-","0.05","34.75","3","34.95","2","0.00"
"2834  ","臺企銀          ","5104384","1097","44661357","8.78","8.78","8.71","8.72","-","0.06","8.72","583","8.74","36","13.84"
"2836  ","高雄銀          ","443540","85","3889268","8.72","8.81","8.72","8.78","-","0.03","8.75","10","8.79","28","0.00"
"2837  ","萬泰銀          ","604219","142","5090049","8.41","8.53","8.4","8.47","+","0.04","8.45","2","8.47","1","0.00"
"2838  ","聯邦銀          ","152173","55","1500267","9.83","9.92","9.8","9.91","+","0.06","9.88","45","9.91","7","8.93"
"2841  ","台開            ","1200211","207","14234425","11.9","12","11.8","11.8","-","0.15","11.8","265","11.85","70","13.41"
"2845  ","遠東銀          ","1352639","238","15578494","11.55","11.6","11.45","11.5","-","0.05","11.5","209","11.55","3","10.27"
"2847  ","大眾銀          ","4209360","648","47249330","11.2","11.4","11.15","11.2"," ","0","11.15","373","11.2","331","12.31"
"2849  ","安泰銀          ","230447","107","3107389","13.3","13.65","13.25","13.5","+","0.1","13.4","32","13.5","36","9.18"
"2850  ","新產            ","257405","79","4884404","18.95","19.1","18.95","19"," ","0","19","31","19.05","11","10.61"
"2851  ","中再保          ","87227","42","961592","11","11.1","10.9","11.05","+","0.05","11.05","3","11.1","11","38.1"
"2852  ","第一保          ","239260","90","2978780","12.3","12.55","12.3","12.55","+","0.1","12.45","13","12.55","1","8.96"
"2855  ","統一證          ","777100","335","11759650","14.95","15.35","14.95","15.05","+","0.1","15.05","49","15.1","2","34.2"
"2856  ","元富證          ","2621691","265","25306672","9.71","9.76","9.51","9.53","-","0.23","9.53","35","9.54","5","30.74"
"2880  ","華南金          ","2444513","894","39594744","16.25","16.25","16.1","16.25","-","0.05","16.2","142","16.25","258","15.63"
"2881  ","富邦金          ","12527690","2886","384106003","30.6","30.9","30.5","30.55","-","0.25","30.55","453","30.6","80","9.04"
"2882  ","國泰金          ","8813095","2419","270471077","30.75","30.95","30.55","30.7","-","0.05","30.65","428","30.7","64","28.69"
"2883  ","開發金          ","71857125","9283","538022106","7.39","7.63","7.35","7.51","+","0.12","7.51","548","7.52","12","53.64"
"2884  ","玉山金          ","4747230","1273","75316978","15.9","16","15.7","15.8","-","0.2","15.75","96","15.8","2","20.79"
"2885  ","元大金          ","18850319","2715","263978466","14","14.2","13.9","13.95","-","0.15","13.95","391","14","729","10.41"
"2886  ","兆豐金          ","25618136","5615","569918497","22.3","22.35","22.05","22.3"," ","0","22.25","376","22.3","229","14.2"
"2887  ","台新金          ","12256526","1848","138583050","11.25","11.4","11.2","11.25","-","0.05","11.25","761","11.3","65","8.09"
"2887C ","新丙特          ","0","0","0","--","--","--","--"," ","0","33.15","3","33.4","4","0.00"
"2888  ","新光金          ","12024865","1982","101383352","8.48","8.49","8.39","8.41","-","0.08","8.41","135","8.44","10","12.94"
"2889  ","國票金          ","1330758","284","13170770","9.9","9.93","9.85","9.85","-","0.05","9.85","34","9.9","25","15.89"
"2890  ","永豐金          ","5614630","1191","55631468","9.94","9.99","9.81","9.83","-","0.07","9.83","43","9.86","82","23.4"
"2891  ","中信金          ","18410428","3449","329114094","17.85","18","17.8","17.85","-","0.15","17.85","735","17.9","1,245","11.16"
"2892  ","第一金          ","7604616","1598","131164755","17.25","17.35","17.15","17.25","-","0.1","17.25","79","17.3","427","17.42"
"2901  ","欣欣            ","115000","15","2878200","25.2","25.2","25","25","-","0.2","24.8","14","25","38","56.82"
"2903  ","遠百            ","5346286","1981","171869852","32.1","32.5","31.8","32","-","0.2","31.95","78","32","233","19.63"
"2904  ","匯僑            ","139065","74","3501741","24.8","25.35","24.8","25.2","+","0.15","25.2","3","25.25","9","5.64"
"2905  ","三商            ","2075287","972","49930372","24.5","24.5","23.7","24.15","-","0.55","24.1","3","24.15","9","13.49"
"2906  ","高林            ","319336","104","4651337","14.4","14.75","14.35","14.5","+","0.1","14.5","12","14.6","27","9.67"
"2908  ","特力            ","524868","109","10276475","19.7","19.7","19.4","19.65","+","0.05","19.55","21","19.65","28","15.72"
"2910  ","統領            ","17000","9","397800","23.4","23.45","23.35","23.4"," ","0","23.4","8","23.55","1","40.34"
"2911  ","麗嬰房          ","901447","522","27108995","30.1","30.5","29.85","30.05","-","0.2","30","25","30.2","10","22.1"
"2912  ","統一超          ","706755","488","111869290","158","159.5","157.5","158.5","+","0.5","158","163","158.5","17","25.94"
"2913  ","農林            ","1500370","559","21784263","14.35","14.65","14.35","14.55"," ","0","14.55","15","14.6","26","42.79"
"2915  ","潤泰全          ","4424864","2032","242318520","54.1","55.6","53.6","54.8","+","0.7","54.7","23","54.8","46","19.03"
"3002  ","歐格            ","25000","15","245600","9.75","9.99","9.75","9.9","+","0.05","9.86","5","9.95","1","90"
"3003  ","健和興          ","957555","175","23641747","24.4","24.85","24.1","24.65","+","0.05","24.5","2","24.65","1","15.41"
"3004  ","豐達科          ","306500","136","14420973","47.9","47.9","46.05","47.15","-","0.35","47.15","2","47.45","1","9.16"
"3005  ","神基            ","26762540","9677","604982250","22.1","23.15","22.05","22.6","+","0.5","22.6","5","22.65","15","27.9"
"3006  ","晶豪科          ","677956","381","16515182","24.2","24.7","24","24.4","+","0.2","24.3","54","24.5","5","0.00"
"3008  ","大立光          ","2716474","2278","1443398382","520","543","512","543","+","21","542","1","543","28","14.01"
"3010  ","華立            ","261014","171","10287397","39.2","39.7","39","39.25","+","0.05","39.25","2","39.4","1","9.53"
"3011  ","今皓            ","392593","136","3130184","7.85","8.17","7.81","8.07","+","0.17","8.07","49","8.08","16","73.36"
"3013  ","晟銘電          ","442096","163","9629896","21.95","21.95","21.4","21.95"," ","0","21.9","200","21.95","67","0.00"
"3014  ","聯陽            ","770814","471","18497501","23.8","24.5","23.7","23.9","+","0.1","23.9","25","24","5","0.00"
"3015  ","全漢            ","197089","103","5250762","26.45","26.75","26.35","26.5","+","0.05","26.5","3","26.6","2","10.15"
"3016  ","嘉晶            ","261479","171","4145064","15.6","16.15","15.6","16"," ","0","15.95","5","16","23","106.67"
"3017  ","奇鋐            ","479746","264","8693210","18","18.25","18","18.05","-","0.1","18.05","43","18.1","5","9.07"
"3018  ","同開            ","171719","33","2413100","14","14.1","14","14"," ","0","14","33","14.2","2","10.22"
"3019  ","亞光            ","1588179","806","40726552","25.45","26.15","25.3","25.55","+","0.1","25.55","6","25.7","6","0.00"
"3021  ","鴻名            ","295101","151","4233969","14.05","14.75","14.05","14.15","-","0.6","14.15","13","14.7","3","4.49"
"3022  ","威強電          ","288300","175","11426750","39.4","39.95","39.25","39.7","+","0.3","39.7","5","39.75","17","6.55"
"3023  ","信邦            ","589518","236","13563464","23","23.15","22.85","23.15","+","0.15","23.1","3","23.15","17","9.3"
"3024  ","憶聲            ","560843","173","4558715","7.81","8.2","7.81","8.15","+","0.34","8.1","1","8.17","7","0.00"
"3025  ","星通            ","25100","36","203948","8","8.15","8","8.15"," ","0","8.1","5","8.15","3","0.00"
"3026  ","禾伸堂          ","229108","135","6138246","26.8","27","26.7","26.85","+","0.05","26.85","2","26.95","11","11.28"
"3027  ","盛達            ","86100","45","905290","10.5","10.65","10.45","10.5","-","0.15","10.45","7","10.5","2","65.63"
"3028  ","增你強          ","534522","242","11779945","21.85","22.25","21.85","22","-","0.05","21.95","22","22","1","8.49"
"3029  ","零壹            ","262578","154","4461468","17","17.2","16.7","17.05","-","0.05","16.95","4","17.05","18","31.57"
"3030  ","德律            ","551859","285","20784148","37.3","38.05","37.3","37.6","-","0.25","37.55","38","37.65","1","8.45"
"3031  ","佰鴻            ","650402","343","14353833","22.1","22.3","21.85","22.25","+","0.15","22.2","17","22.25","7","24.72"
"3032  ","偉訓            ","33650","23","269184","8","8.06","7.96","7.97","-","0.04","7.96","2","8.05","2","33.21"
"3033  ","威健            ","1145998","410","28500100","24.55","25.2","24.5","25.1","+","0.35","25.1","9","25.15","3","9.19"
"3034  ","聯詠            ","2772688","1704","237882720","86.8","87.2","85","85.2","-","2.3","85.2","24","85.3","2","13.85"
"3035  ","智原            ","12995991","5696","527223770","40.85","41.35","39.6","41.2","+","0.25","41.2","33","41.25","42","137.33"
"3036  ","文曄            ","1690373","698","67522120","39.5","40.3","39.5","39.8","-","0.2","39.8","2","39.9","3","9.09"
"3037  ","欣興            ","10354000","3826","344627897","33.65","34.3","32.6","33.35","-","0.55","33.3","2","33.35","110","10.23"
"3038  ","全台            ","249118","81","1275402","5.11","5.24","5.04","5.06","-","0.02","5.06","5","5.1","10","506"
"3040  ","遠見            ","110012","52","1584072","14.2","14.6","14.2","14.5","+","0.2","14.4","1","14.5","3","51.79"
"3041  ","揚智            ","1171940","534","53499053","45.65","45.65","45.65","45.65","-","3.4","--","0","45.65","9,463","20.84"
"3042  ","晶技            ","471941","230","20856907","44","44.4","44","44.2"," ","0","44.2","9","44.3","20","12.74"
"3043  ","科風            ","1943026","951","31128316","15.8","16.55","15.8","16","-","0.95","16","39","16.05","118","0.00"
"3044  ","健鼎            ","1925504","1300","175804661","91.3","92.7","90.4","91.1","-","1","91.1","8","91.5","7","11.39"
"3045  ","台灣大          ","8308654","2460","772641578","91.9","94","91.7","93","+","1.4","93","39","93.1","40","23.6"
"3046  ","建碁            ","54995","19","347528","6.37","6.37","6.25","6.29","-","0.08","6.29","1","6.31","3","25.16"
"3047  ","訊舟            ","1564200","456","16789412","10.5","10.95","10.5","10.7"," ","0","10.7","120","10.75","68","0.00"
"3048  ","益登            ","104000","28","1022240","9.76","9.99","9.76","9.85","+","0.05","9.82","2","9.85","4","25.92"
"3049  ","和鑫            ","17217987","4497","204277288","11.6","12.4","11.55","11.85","-","0.3","11.85","9","11.9","32","0.00"
"3050  ","鈺德            ","87146","41","519884","5.9","6","5.9","5.92","-","0.04","5.92","8","5.96","10","0.00"
"3051  ","力特            ","75134","11","131930","1.75","1.78","1.75","1.78","-","0.01","1.75","1","1.78","22","0.00"
"3052  ","夆典            ","776794","261","8277471","10.75","10.75","10.55","10.65","+","0.15","10.65","6","10.7","26","11.58"
"3054  ","立萬利          ","72469","33","877101","12.05","12.25","11.95","11.95","-","0.1","11.9","10","12.05","3","25.98"
"3055  ","蔚華科          ","22018","20","269719","12.25","12.4","12.2","12.2","-","0.1","12.2","4","12.3","1","16.05"
"3056  ","總太            ","706000","356","18540400","26","26.55","26","26.3","+","0.1","26.3","6","26.4","6","5.07"
"3057  ","喬鼎            ","738174","306","11799484","15.5","16.2","15.5","16.05","+","0.25","16","17","16.05","5","0.00"
"3058  ","立德            ","171148","48","1876297","10.8","11.1","10.8","10.9","+","0.05","10.9","20","10.95","32","26.59"
"3059  ","華晶科          ","905323","462","19950929","21.7","22.4","21.55","22.25","+","0.45","22.2","10","22.3","8","45.41"
"3060  ","銘異            ","1776485","922","122022705","68.4","69.5","68","69.5","+","1.1","68.6","5","69.5","24","48.6"
"3061  ","璨圓            ","7596822","3498","180212750","23.75","24.2","23.25","23.75"," ","0","23.75","96","23.8","33","0.00"
"3062  ","建漢            ","819905","503","20356987","24.5","25.3","24.5","24.75","+","0.1","24.75","1","24.85","1","12.31"
"3080  ","威力盟          ","368105","287","5818564","14.9","16.05","14.9","15.85"," ","0","15.85","2","15.9","2","0.00"
"3090  ","日電貿          ","91162","59","2596612","28.3","28.7","28.3","28.7","+","0.35","28.5","2","28.7","3","11.08"
"3094  ","聯傑            ","149496","80","2702548","18","18.3","17.95","18.1","+","0.1","18","7","18.1","5","30.17"
"3130  ","一零四          ","15004","16","1211928","80.5","82.6","80.4","82","+","1.2","81.8","1","82","1","12.22"
"3149  ","正達            ","3774781","2633","332240997","85","89.4","85","89","+","2.8","89","4","89.1","18","24.93"
"3164  ","景岳            ","107020","88","4280349","39.9","41","39.4","39.95"," ","0","39.95","1","40","9","54.73"
"3189  ","景碩            ","4003505","2582","345181086","85.2","87.5","84.6","87.5","+","2.5","87.3","3","87.5","32","13.93"
"3209  ","全科            ","182000","85","4517650","24.5","25.05","24.4","24.8","+","0.05","24.75","2","24.9","8","11.02"
"3229  ","晟鈦            ","159094","42","1406018","8.8","8.98","8.8","8.82","-","0.18","8.81","20","8.89","7","23.21"
"3231  ","緯創            ","5935892","2649","252052282","41.7","42.65","41.7","42.65","+","0.55","42.6","6","42.65","21","9.8"
"3257  ","虹冠電          ","193003","112","4454519","22.65","23.4","22.65","23","-","0.15","23","14","23.15","3","9.5"
"3296  ","勝德            ","384050","97","9032720","23.3","24","23.1","23.5"," ","0","23.5","11","23.6","5","0.00"
"3305  ","昇貿            ","179371","133","6711670","37.5","37.8","37.2","37.4","-","0.4","37.35","1","37.4","4","8.64"
"3308  ","聯德            ","16000","5","103270","6.51","6.51","6.42","6.44","-","0.11","6.46","4","6.48","2","0.00"
"3311  ","閎暉            ","940426","548","62076358","66.3","66.4","65.6","65.7","-","0.5","65.7","22","66","80","8.91"
"3312  ","弘憶股          ","507000","174","6834750","13.2","13.6","13.2","13.55","+","0.2","13.55","4","13.6","8","8.42"
"3315  ","宣昶            ","289695","224","7860518","27","27.4","26.75","27.4","+","0.3","27.35","4","27.4","1","10.62"
"3356  ","奇偶            ","201920","159","24722080","120.5","124","120.5","122","-","0.5","122","10","122.5","12","15.06"
"3376  ","新日興          ","2175511","1189","156235982","71.6","72.6","71","71.1","-","0.5","71.1","18","71.2","1","31.18"
"3380  ","明泰            ","1186147","342","29768875","24.65","25.3","24.65","25","+","0.05","25","588","25.1","2","12.56"
"3383  ","新世紀          ","1502379","869","56895244","38.4","38.4","37.35","37.85","-","0.6","37.8","21","38","7","34.1"
"3406  ","玉晶光          ","8892898","6380","1956105100","212.5","224.5","212.5","224.5","+","14.5","224","34","224.5","128","21.28"
"3419  ","譁裕            ","126867","55","1651553","12.9","13.25","12.85","12.85","-","0.15","12.85","4","13","5","0.00"
"3432  ","台端            ","63000","19","659300","10.5","10.5","10.4","10.4"," ","0","10.4","5","10.45","3","0.00"
"3443  ","創意            ","1406800","999","129594338","91","92.8","91","92.6","+","1.6","92.6","27","92.7","16","23.5"
"3450  ","聯鈞            ","1166088","727","48087160","40.8","42","40.5","41.4","+","0.1","41.4","25","41.45","3","10.53"
"3454  ","晶睿            ","657755","432","66242677","101","102.5","99","100.5","-","1.5","100.5","20","101","12","14.59"
"3474  ","華亞科          ","13417491","1960","92307708","6.5","7.01","6.5","7.01","+","0.45","7.01","15,083","--","0","0.00"
"3481  ","群創            ","13592138","3411","171438061","12.7","12.8","12.5","12.5","-","0.3","12.5","2,804","12.55","3","0.00"
"3494  ","誠研            ","135798","75","2634750","19.5","19.65","19.3","19.3","-","0.2","19.3","30","19.5","24","56.76"
"3501  ","維熹            ","167303","92","7067626","42.2","42.55","42","42.45","+","0.05","42.4","6","42.45","2","10.53"
"3504  ","揚明光          ","3249032","2428","340168828","103","107","102","104","+","1","104","10","104.5","11","20.76"
"3514  ","昱晶            ","1717298","1008","47933837","27.75","28.4","27.2","27.85","-","0.35","27.85","20","27.9","2","0.00"
"3515  ","華擎            ","56145","57","6205595","110","112","109.5","110","-","0.5","110","24","111","12","9.67"
"3518  ","柏騰            ","61297","45","1790846","29","29.55","29","29.4","-","0.2","29.4","7","29.5","1","60"
"3519  ","綠能            ","1860022","1138","56004747","30.7","30.7","29.5","30","-","0.8","30","19","30.1","1","0.00"
"3532  ","台勝科          ","106150","77","3360081","31.2","31.95","31.2","31.75","+","0.55","31.55","1","31.8","3","167.11"
"3533  ","嘉澤            ","299000","233","22594300","74.5","76.6","74.5","75.7","+","0.7","75.5","5","75.7","1","7.61"
"3535  ","晶彩科          ","230000","118","2765900","11.7","12.35","11.7","12.25","+","0.25","12.2","7","12.25","5","0.00"
"3536  ","誠創            ","606817","166","7017193","11.2","12","11.2","11.6","+","0.05","11.55","3","11.6","6","0.00"
"3545  ","敦泰            ","1028000","643","34647800","34.2","34.4","33.1","33.6","-","0.55","33.6","6","33.7","10","33.94"
"3550  ","聯穎            ","15002","15","187774","12.6","12.65","12.35","12.55","-","0.05","12.45","1","12.55","3","0.00"
"3557  ","嘉威            ","367251","126","2732743","7.37","7.6","7.3","7.43","-","0.07","7.43","2","7.46","1","0.00"
"3559  ","全智科          ","1550001","671","30701020","19.55","20.1","19.5","19.85","+","0.3","19.8","66","19.85","11","12.72"
"3561  ","昇陽光電        ","2498741","1448","80153862","31.5","33","31.5","31.8","-","1.8","31.8","178","32","5","0.00"
"3573  ","穎台            ","1029053","701","44579655","42.6","43.95","42.4","43.6","+","1.2","43.6","2","43.8","3","19.21"
"3576  ","新日光          ","7465785","2884","160109494","21.1","21.9","20.85","21.65","+","0.15","21.65","67","21.7","69","0.00"
"3579  ","尚志            ","938235","630","30257127","32","32.9","31.8","32.25","+","0.15","32.2","15","32.25","27","0.00"
"3584  ","介面            ","522395","373","17740458","33.8","34.3","33.5","33.85","+","0.05","33.8","17","34.1","1","0.00"
"3588  ","通嘉            ","112395","97","5265797","46.3","47.5","46.2","46.8","+","0.25","46.6","1","47.05","4","14.72"
"3591  ","艾笛森          ","1645067","1133","99957425","61.5","61.5","60.2","61.2","-","0.4","61.1","17","61.2","6","31.55"
"3593  ","力銘            ","20000","11","212700","10.7","10.7","10.5","10.65","-","0.1","10.55","7","10.7","3","0.00"
"3596  ","智易            ","633635","394","22922152","35.5","36.6","35.5","36.15","+","0.45","36.1","9","36.2","18","8.71"
"3598  ","奕力            ","1087414","701","89910718","81.5","84.1","81.1","82.9","+","0.9","82.9","1","83","37","10.32"
"3605  ","宏致            ","165638","128","8485482","50.8","51.6","50.6","51.5","+","0.4","51.5","2","51.6","11","9.35"
"3607  ","谷崧            ","1149000","742","44525450","38.8","39.6","38.4","39.5","-","0.1","39.5","1","39.55","12","12.7"
"3617  ","碩天            ","136000","112","7182500","52.1","53.4","52.1","53","-","0.4","53","12","53.4","2","13.8"
"3622  ","洋華            ","761884","472","50136844","66.4","66.4","65","66","-","0.4","66","1","66.2","6","23.57"
"3638  ","F-IML           ","1284100","895","146005350","113.5","116","111.5","114.5","+","1","114","14","114.5","31","16.36"
"3645  ","達邁            ","756000","406","29868550","39.8","40.5","38.75","39.8"," ","0","39.5","5","39.8","3","20.62"
"3653  ","健策            ","1609304","1129","124006862","75.5","78.7","75.5","77.8","+","2.3","77.7","4","77.8","15","16.99"
"3665  ","貿聯-KY         ","51030","33","1459203","28.75","28.9","28.45","28.45","-","0.3","28.5","1","28.6","1","12.26"
"3669  ","圓展            ","18000","11","486500","26.55","27.3","26.55","27.05","-","0.3","27","5","27.15","1","13"
"3673  ","TPK-KY          ","4718547","3729","1793131407","376","387","376","380","+","4","380","76","380.5","7","7.88"
"3679  ","新至陞          ","374310","306","25943137","68","70.6","68","69.5","+","1.2","69.2","4","69.5","9","9.22"
"3686  ","達能            ","2233504","1040","39174065","17.1","18","17.1","17.55","-","0.7","17.55","6","17.6","104","0.00"
"3694  ","海華            ","1216129","597","32974358","25.4","27.6","25.4","27.6","+","1.8","27.6","313","--","0","276"
"3697  ","F-晨星          ","2820931","2001","479782770","170","173","168","169.5","-","1","169.5","23","170","4","14.41"
"3698  ","隆達            ","3993308","2085","129772251","33.65","33.65","31.65","33","-","0.9","33","8","33.1","3","0.00"
"3701  ","大眾控          ","20879","15","186516","8.9","9.11","8.9","9.1","X","0","8.6","6","9.04","2","0.00"
"3702  ","大聯大          ","4498199","2085","173751728","39.05","39.35","38.1","38.2","-","0.85","38.2","107","38.4","4","12.44"
"3703  ","欣陸            ","515000","156","5589150","10.8","11","10.8","10.85","-","0.05","10.8","58","10.9","33","9.27"
"3704  ","合勤控          ","684945","371","11902097","17.3","17.65","17.2","17.35","+","0.05","17.35","27","17.45","16","6.94"
"3705  ","永信            ","89010","47","3620260","40.45","40.9","40.45","40.6"," ","0","40.6","15","40.8","12","18.62"
"4104  ","佳醫            ","185351","143","10819727","58.1","58.7","58.1","58.2","+","0.1","58.2","12","58.3","40","17.96"
"4106  ","雃博            ","99822","73","3057588","30.5","30.85","30.5","30.6","-","0.2","30.6","4","30.8","3","10.97"
"4108  ","懷特            ","4876110","2862","211381873","42.3","44.7","41.6","43.55","+","1.3","43.55","3","43.6","8","0.00"
"4119  ","旭富            ","27389","29","1468906","53.3","54.5","52.6","54.1","+","0.8","54.1","4","54.2","4","29.56"
"4133  ","亞諾法          ","41000","32","1929850","47.1","47.6","46.5","47.6","-","0.25","47.5","8","47.6","2","23.68"
"4144  ","康聯-KY         ","193000","117","15379200","80.8","81.3","78.9","79","-","1.8","78.9","2","79.5","6","17.59"
"4306  ","炎洲            ","1376800","425","38574292","28.2","28.3","27.85","28.25","+","0.2","28.2","1","28.25","53","6.11"
"4414  ","如興            ","65333","26","533063","8.2","8.27","8.08","8.19","-","0.01","8.13","5","8.15","9","5.98"
"4426  ","利勤            ","156100","75","2243674","14.05","14.55","14.05","14.35","-","0.35","14.35","34","14.4","5","15.43"
"4526  ","東台            ","482110","272","12638030","26.05","26.5","26","26.2","-","0.2","26.2","26","26.3","7","10.08"
"4532  ","瑞智            ","2458178","942","65404672","26","26.95","26","26.7","+","0.6","26.6","7","26.7","35","13.48"
"4725  ","信昌化          ","835606","624","58402663","69.8","70.7","69","70.1","+","0.1","70","33","70.1","11","8.76"
"4733  ","上緯            ","237263","138","11060308","46","47.7","46","46.05","-","0.55","46.05","1","46.1","2","17.92"
"4737  ","華廣            ","105100","60","8814060","84.5","84.8","82.5","83.6","-","0.4","83","5","83.6","9","20.49"
"4746  ","台耀            ","74000","61","5317400","71.6","72.5","71.6","72.1","+","0.5","72.1","3","72.2","1","20.9"
"4904  ","遠傳            ","10908551","4263","725072979","63.9","68.3","63.9","65.9","+","2","65.7","3","65.9","69","24.14"
"4906  ","正文            ","1325117","665","35993883","26.9","27.6","26.85","26.95","+","0.05","26.9","111","27.1","4","673.75"
"4919  ","新唐            ","4128319","1717","124979498","29.2","30.75","29.2","30.4","+","1.65","30.4","10","30.45","2","14.83"
"4930  ","燦星網          ","385320","194","6158770","16","16.25","15.9","15.9","-","0.15","15.9","21","16","1","79.5"
"4934  ","太極            ","310187","161","3246029","10.35","10.7","10.2","10.6","+","0.25","10.6","6","10.65","12","0.00"
"4935  ","茂林-KY         ","735000","493","36012850","48.7","49.65","48","49.4","+","0.9","49.2","14","49.4","1","13.24"
"4938  ","和碩            ","4558074","1875","200823968","43.2","44.45","43.2","44","+","0.5","44","179","44.05","101","880"
"4942  ","嘉彰            ","874009","440","33952049","37.85","39.5","37.85","38.8","+","0.95","38.8","9","38.9","3","9.02"
"4952  ","凌通            ","56000","43","1227650","21.5","22.15","21.5","22","+","0.05","22","7","22.05","1","14.29"
"4956  ","光鋐            ","1365199","648","46835582","34.5","34.95","33.9","34.6","-","0.55","34.6","8","34.7","8","16.32"
"4958  ","臻鼎-KY         ","910000","575","94529000","106","106","102","104.5"," ","0","104","11","104.5","48","29.69"
"4960  ","奇美材          ","1512104","817","50460342","32.6","33.9","32.6","33.6","+","0.5","33.55","21","33.6","1","10.43"
"4984  ","科納-KY         ","179100","157","13508380","75.1","76.9","74.6","75.1","-","0.9","75","5","75.2","2","10.52"
"5007  ","三星            ","279000","65","12342800","44.55","44.8","44","44.8","+","0.05","44.8","8","45","6","12.04"
"5203  ","訊連            ","76702","85","6547406","85.5","85.9","85.2","85.2","-","0.2","85.1","15","85.4","11","12.09"
"5215  ","科嘉-KY         ","424000","310","28081300","65.3","68","65","67.3","+","2","67","10","67.3","1","14.79"
"5305  ","敦南            ","516220","222","7803220","14.9","15.25","14.9","15.15","+","0.05","15.15","3","15.2","55","28.58"
"5388  ","中磊            ","1818832","1019","75815555","40.7","42.35","40.7","41.8","+","0.4","41.75","21","41.8","9","13.1"
"5434  ","崇越            ","842812","519","42655144","50.4","51.1","50.3","50.5","-","0.4","50.5","19","50.6","1","7.89"
"5469  ","瀚宇博          ","1740892","678","27932732","16.2","16.4","15.8","15.85","-","0.7","15.85","65","15.95","10","16.51"
"5471  ","松翰            ","783008","541","38435837","49.2","49.85","48.5","48.8","-","0.75","48.8","7","49","4","14.7"
"5484  ","慧友            ","40822","28","411383","10.05","10.15","10","10.1","+","0.05","10.05","5","10.1","2","0.00"
"5515  ","建國            ","475875","225","6687800","14.05","14.2","13.95","14","-","0.1","14","38","14.1","56","11.02"
"5522  ","遠雄            ","415704","322","22138875","53.2","53.7","52.7","53.5","+","0.2","53.3","13","53.5","34","7"
"5525  ","順天            ","55001","26","850365","15.5","15.5","15.4","15.5","+","0.1","15.4","10","15.5","11","41.89"
"5531  ","鄉林            ","512565","280","13209918","25.7","26.2","25.15","25.9","+","0.2","25.9","9","26","7","12.57"
"5533  ","皇鼎            ","212400","76","3825700","18.25","18.25","17.9","18.2","-","0.05","18","3","18.2","9","5.78"
"5534  ","長虹            ","622841","398","38642290","61.4","62.8","61.4","61.9"," ","0","61.8","5","61.9","46","6.63"
"5607  ","遠雄港          ","256001","123","3969516","15.25","15.8","15","15.55","+","0.2","15.5","37","15.55","7","259.17"
"5608  ","四維航          ","156311","111","4078341","26","26.3","26","26.2","+","0.05","26.15","1","26.2","8","10.56"
"5706  ","鳳凰            ","178218","129","11089916","63","63","62","62.3","-","0.2","62.2","1","62.3","1","21.41"
"5871  ","中租-KY         ","1654172","820","66160017","39.75","40.4","39.45","40.3","+","0.3","40.2","24","40.3","26","12.92"
"5880  ","合庫金          ","4317514","1166","75576577","17.45","17.6","17.35","17.6","+","0.05","17.55","16","17.6","140","440"
"5906  ","台南-KY         ","35018","15","643324","18.05","18.4","18.05","18.2","-","0.2","18.05","1","18.4","1","22.75"
"6005  ","群益證          ","1136348","454","11748840","10.3","10.45","10.25","10.4","+","0.05","10.35","89","10.4","126","30.59"
"6108  ","競國            ","464018","221","10670668","23","23.25","22.85","23.15","-","0.2","23.05","11","23.15","13","8.12"
"6112  ","聚碩            ","387943","187","10828204","27.8","28.15","27.6","28.15","+","0.35","28","2","28.15","22","11.83"
"6115  ","鎰勝            ","129375","88","5901174","45.65","45.9","45.45","45.45","-","0.5","45.45","10","45.6","3","10.35"
"6116  ","彩晶            ","25164702","2807","68202854","2.7","2.77","2.65","2.7"," ","0","2.7","179","2.71","14","0.00"
"6117  ","迎廣            ","9000","8","135850","15.05","15.6","15","15.6","-","0.1","15.05","1","15.6","3","18.8"
"6120  ","達運            ","950728","477","16153449","16.8","17.25","16.8","17","+","0.1","16.95","29","17","7","16.83"
"6128  ","上福            ","32000","21","896650","28","28.1","28","28.1","+","0.1","28.1","1","28.4","1","10.37"
"6131  ","悠克            ","70100","44","878970","12.85","12.95","12.2","12.4"," ","0","12.3","5","12.5","5","155"
"6133  ","金橋            ","119013","46","934291","7.69","7.9","7.66","7.87","+","0.17","7.87","10","7.9","4","0.00"
"6136  ","富爾特          ","109244","70","3037632","28","28","27.6","27.9","-","0.15","27.8","4","27.9","2","13.95"
"6139  ","亞翔            ","188050","144","6212460","33","33.45","32.8","32.95","-","0.05","32.9","7","32.95","29","10.14"
"6141  ","柏承            ","46000","15","659550","14.4","14.4","14.2","14.25","-","0.15","14.25","10","14.4","3","12.95"
"6142  ","友勁            ","256832","89","2055689","8.1","8.1","7.92","7.96","-","0.04","7.96","26","8","1","0.00"
"6145  ","勁永            ","1063005","345","9960317","9.24","9.52","9.24","9.4"," ","0","9.38","20","9.4","39","0.00"
"6152  ","百一            ","368862","174","8962945","24.3","24.5","24.15","24.3","+","0.1","24.25","12","24.3","3","8.35"
"6153  ","嘉聯益          ","4860139","2296","219740944","45.4","45.7","44.4","45.65","+","0.75","45.6","79","45.65","2","11.74"
"6155  ","鈞寶            ","20238","10","429721","21.2","21.25","21.2","21.25","+","0.05","21.25","6","21.4","1","24.15"
"6164  ","華興            ","305161","141","4674579","15.35","15.5","15.1","15.25","-","0.05","15.2","30","15.25","5","42.36"
"6165  ","捷泰            ","87042","53","366578","4.08","4.28","4.01","4.1","+","0.02","4.1","3","4.27","2","0.00"
"6166  ","凌華            ","99310","61","3988650","39.9","40.45","39.9","40"," ","0","40","15","40.25","12","13.2"
"6168  ","宏齊            ","1950500","743","39141450","19.9","20.25","19.8","20.1","-","0.05","20.1","10","20.15","40","74.44"
"6172  ","互億            ","48767","25","216504","4.6","4.6","4.39","4.39","-","0.33","4.39","4","4.57","1","0.00"
"6176  ","瑞儀            ","8086244","4158","951953780","116.5","121","114","120","+","2.5","120","76","120.5","25","11.99"
"6183  ","關貿            ","330137","91","6040040","18.45","18.45","18.2","18.4","-","0.05","18.35","1","18.4","2","16.43"
"6184  ","大豐電          ","69718","60","3905719","55.7","56.5","55.7","56.3","+","0.1","56.2","4","56.3","2","13.8"
"6189  ","豐藝            ","298144","126","7010247","23.4","23.75","23.4","23.5","-","0.1","23.45","10","23.6","7","9.4"
"6191  ","精成科          ","1845221","623","26282720","14.45","14.45","14.1","14.25","-","0.25","14.2","38","14.25","9","8.1"
"6192  ","巨路            ","422975","282","26939702","63.7","64.1","63.3","63.6","-","0.1","63.6","2","63.7","4","10.87"
"6196  ","帆宣            ","695803","304","12625454","18","18.35","17.95","18.2","+","0.05","18.15","21","18.2","8","7.78"
"6197  ","佳必琪          ","820904","445","22001708","26","27.25","26","26.85","+","0.05","26.85","32","27","3","0.00"
"6201  ","亞弘電          ","86000","42","2407450","28.2","28.2","27.55","27.9","-","0.4","27.9","2","28.05","1","11.67"
"6202  ","盛群            ","544161","257","18809472","34.55","34.9","34.4","34.55"," ","0","34.55","40","34.6","26","14.64"
"6205  ","詮欣            ","66000","25","1045100","15.8","15.9","15.8","15.8","-","0.1","15.8","5","15.95","7","24.69"
"6206  ","飛捷            ","177450","120","12716973","71.5","72.2","71.3","71.3","-","1","71.3","6","71.5","2","12.06"
"6209  ","今國光          ","1528523","928","64696934","41.85","42.95","41.6","42","+","0.15","42","33","42.1","1","17.95"
"6213  ","聯茂            ","701922","261","22323591","31.5","32","31.5","31.5","-","0.2","31.5","58","31.6","1","8.47"
"6214  ","精誠            ","183100","130","5487028","29.9","30.25","29.8","29.95","-","0.15","29.95","16","30.05","1","53.48"
"6215  ","和椿            ","107569","35","1358896","12.3","13.35","12.2","13.35","+","0.85","13.35","41","--","0","29.67"
"6216  ","居易            ","1045430","507","22642680","21.75","21.95","21.5","21.5","-","0.55","21.5","60","21.6","21","12.43"
"6224  ","聚鼎            ","378309","137","20546971","53.5","54.7","53.4","54.3","+","0.4","54.2","17","54.3","4","11.53"
"6225  ","天瀚            ","56000","11","135610","2.35","2.58","2.35","2.51","+","0.04","2.41","10","2.54","3","0.00"
"6226  ","光鼎            ","120200","56","1056847","8.7","8.9","8.7","8.9","+","0.05","8.9","7","8.93","3","0.00"
"6230  ","超眾            ","67200","48","1992550","29.2","30.15","29.2","29.8"," ","0","29.8","2","29.9","1","10.42"
"6235  ","華孚            ","577515","262","6747277","11.5","11.85","11.45","11.85","+","0.45","11.75","8","11.85","13","0.00"
"6239  ","力成            ","12552182","5316","652890173","51.9","52.8","51.3","51.9","+","1.6","51.8","52","51.9","221","8.75"
"6243  ","迅杰            ","664948","351","11910207","17.8","18.4","17.3","18.05","+","0.25","18","21","18.15","11","0.00"
"6251  ","定穎            ","670176","219","7499009","11.05","11.3","11.05","11.2","+","0.05","11.2","29","11.3","34","10.87"
"6257  ","矽格            ","1621042","635","35069324","21.55","21.8","21.25","21.75","+","0.2","21.75","37","21.8","53","9.98"
"6269  ","台郡            ","5415859","3393","586132338","108","111","106","107.5"," ","0","107.5","13","108","112","16.46"
"6271  ","同欣電          ","2695294","1573","278523164","102.5","105.5","100","103.5","+","1","103.5","42","104","4","17.48"
"6277  ","宏正            ","39000","29","2151600","55.6","55.6","55","55.1","-","0.4","55.1","2","55.5","4","12.75"
"6278  ","台表科          ","1702059","1006","108855305","63.4","64.7","62.7","64","+","0.7","64","7","64.3","6","11.68"
"6281  ","全國電          ","81027","47","4960662","61.5","61.5","61","61.3","-","0.3","61.2","1","61.3","6","13.27"
"6282  ","康舒            ","1046000","469","16762950","16","16.2","15.8","16.1","+","0.1","16.05","17","16.1","10","13.42"
"6283  ","淳安            ","28190","20","245863","8.9","8.9","8.33","8.79","-","0.11","8.73","3","8.79","5","0.00"
"6285  ","啟碁            ","3079683","1872","176856414","57.1","58.2","56.5","57.5","-","0.5","57.5","60","57.6","12","9.63"
"6286  ","立錡            ","1933394","1399","317519706","164","167","160","165.5","-","0.5","165","7","165.5","25","16.16"
"6289  ","華上            ","1492021","502","9848794","6.68","6.81","6.4","6.51","-","0.15","6.51","14","6.56","21","0.00"
"6505  ","台塑化          ","1564276","1015","137264937","86.7","88.6","86.7","88.2","+","1","87.9","1","88.2","8","37.37"
"6605  ","帝寶            ","53000","46","3118400","59.5","59.5","58.5","58.7","-","0.2","58.7","6","59.3","4","0.00"
"6702  ","興航            ","301526","117","5079609","16.8","16.95","16.8","16.85"," ","0","16.85","5","16.9","57","12.77"
"8008  ","建興電          ","1265945","739","37377264","29.3","29.7","29.3","29.55","+","0.45","29.55","36","29.6","32","9.53"
"8011  ","台通            ","508400","345","17346900","33.8","34.7","33.6","34.2","+","0.1","34.1","2","34.3","2","12.08"
"8016  ","矽創            ","490450","358","17949951","36.2","37.2","36.2","36.45","+","0.25","36.45","3","36.5","1","14.7"
"8021  ","尖點            ","125525","58","2299732","18.2","18.45","18.15","18.35","+","0.1","18.35","12","18.4","3","9.22"
"8033  ","雷虎            ","116053","41","1113618","9.6","9.78","9.55","9.65","+","0.05","9.61","1","9.65","2","0.00"
"8039  ","台虹            ","814483","384","30526115","37.1","38","37.1","37.4","-","0.2","37.4","2","37.5","1","13.41"
"8046  ","南電            ","3624000","2016","201394200","56.5","57","54.6","55.3","-","1.7","55.3","13","55.4","41","11.29"
"8070  ","長華            ","72387","39","5483766","75.2","76.5","75","76.4"," ","0","76.3","1","76.4","5","263.45"
"8072  ","陞泰            ","100310","94","9700570","96.6","97.4","96","96.8","+","0.2","96.6","2","96.8","3","10.9"
"8078  ","華寶            ","16930812","8187","764311197","44.5","45.9","44.45","44.9","+","0.85","44.85","43","44.9","8","0.00"
"8081  ","致新            ","753011","480","74773866","100","101","97.2","99.2","-","1.8","99.2","1","99.8","27","12.28"
"8101  ","華冠            ","4448766","1763","84264437","18.8","19.5","18.5","18.85","-","0.55","18.85","16","18.9","6","15.84"
"8103  ","瀚荃            ","361097","241","15019842","41.5","41.9","41.3","41.7"," ","0","41.65","1","41.7","17","9.03"
"8105  ","凌巨            ","859308","354","7944551","8.9","9.44","8.82","9.19","+","0.29","9.19","11","9.25","2","0.00"
"8110  ","華東            ","1328197","449","11164496","8.34","8.57","8.25","8.33","-","0.01","8.33","42","8.37","6","37.86"
"8112  ","至上            ","1288000","548","19807950","15.2","15.6","15.2","15.35","-","0.1","15.35","48","15.4","10","10.3"
"8131  ","福懋科          ","464000","158","14350400","30.6","31.1","30.6","31","+","0.35","31","23","31.1","35","11.52"
"8163  ","達方            ","637352","317","12385863","18.95","19.7","18.95","19.5","+","0.15","19.5","21","19.55","8","38.24"
"8199  ","廣鎵            ","365807","123","5395605","14.8","15.2","14.45","15"," ","0","15","6","15.05","10","0.00"
"8201  ","無敵            ","1255218","493","23595375","18.4","19.25","18.4","18.8","+","0.45","18.8","50","18.85","12","268.57"
"8210  ","勤誠            ","247463","124","9105523","37","37.2","36.4","37.2"," ","0","36.9","5","37.2","18","9.66"
"8213  ","志超            ","2991206","1441","111580571","37.45","37.65","36.75","37.35"," ","0","37.35","16","37.4","7","13.39"
"8215  ","明基材          ","2375400","952","38123600","16.25","16.5","15.5","15.85","-","0.4","15.8","74","16.05","2","0.00"
"8249  ","菱光            ","185010","95","2781351","14.8","15.3","14.8","15.2","+","0.15","15.1","4","15.2","4","14.62"
"8261  ","富鼎            ","319285","137","3508559","10.8","11.2","10.8","11.2","+","0.4","11.2","12","11.25","13","0.00"
"8271  ","宇瞻            ","3967482","1671","87406154","22.15","22.4","21.65","21.95","-","0.2","21.95","6","22","81","10.66"
"8374  ","羅昇            ","375150","291","18645190","49.5","50.4","49.05","49.8","-","0.4","49.8","1","49.9","6","7.51"
"8404  ","百和興業-KY     ","238100","113","3743309","15.55","16.15","15.3","15.7","-","0.2","15.7","11","15.8","6","11.46"
"8411  ","福貞-KY         ","44000","34","2674200","60.5","61","60.1","61","+","0.5","60.8","2","61","3","11.84"
"8422  ","可寧衛          ","369868","313","79515290","213","218","213","214","+","1","214","4","214.5","3","17.7"
"8427  ","基勝-KY         ","222100","168","18317800","82.3","84","81.6","82.7","-","0.4","82.6","1","82.7","1","10.27"
"8926  ","台汽電          ","3504256","926","81009795","23.3","23.4","22.9","23.3","-","0.35","23.25","2","23.3","130","13.24"
"8940  ","新天地          ","159635","81","4146567","26","26.2","25.6","26.15","+","0.25","26.1","6","26.15","18","12.76"
"910069","新曄            ","26000","10","207360","8","8","7.82","8"," ","0","7.83","1","8","31","0.00"
"9103  ","美德醫療-DR     ","316000","115","926560","2.95","2.96","2.92","2.93","-","0.03","2.92","15","2.93","6","0.00"
"910322","康師傅-DR       ","1730010","521","66914196","39.4","39.4","38.15","38.35","-","1.25","38.35","7","38.55","2","0.00"
"9104  ","萬宇科          ","7000","3","156050","22.3","22.3","22.25","22.25","-","0.9","22.25","9","22.35","1","0.00"
"910482","聖馬丁-DR       ","624835","215","4207941","6.75","6.8","6.7","6.72","-","0.05","6.72","1","6.73","22","0.00"
"9105  ","泰金寶-DR       ","3994030","606","13510402","3.4","3.44","3.33","3.38","-","0.02","3.38","53","3.39","11","0.00"
"910579","歐聖            ","1522000","271","3890530","2.55","2.61","2.51","2.59","+","0.03","2.58","238","2.59","97","0.00"
"9106  ","新焦點-DR       ","226000","71","1418370","6.19","6.38","6.19","6.29","-","0.09","6.23","1","6.29","79","0.00"
"910708","恒大健-DR       ","37000","14","194020","5.25","5.27","5.22","5.27","+","0.04","5.2","1","5.27","17","0.00"
"910801","金衛-DR         ","5000","5","43910","8.79","8.87","8.63","8.83","+","0.03","8.63","3","8.85","1","0.00"
"910861","神州-DR         ","528000","161","15815400","30.6","30.6","29.7","30.05","-","0.7","30","9","30.05","2","0.00"
"910948","融達            ","24000","7","90380","3.78","3.78","3.73","3.77","-","0.02","3.75","5","3.77","12","0.00"
"9110  ","越南控-DR       ","98002","47","766025","7.85","7.94","7.79","7.79","-","0.12","7.78","5","7.79","4","0.00"
"911201","僑威控          ","19004","7","63293","3.31","3.34","3.31","3.34","-","0.03","3.35","3","3.4","1","0.00"
"911602","華豐泰          ","176000","3","1845650","10","10.65","10","10.5"," ","0","10.05","1","10.6","1","0.00"
"911606","超級            ","38000","10","836050","21.65","22.05","21.65","22.05","+","0.15","22","20","22.2","5","0.00"
"911608","明輝-DR         ","177000","37","1738200","9.72","9.87","9.72","9.8","+","0.01","9.78","2","9.79","11","0.00"
"911609","揚子江          ","74090","20","1055478","14.3","14.35","14.15","14.3","-","0.05","14.15","57","14.2","1","0.00"
"911610","聯環            ","98000","40","1009600","10.35","10.35","10.25","10.3"," ","0","10.3","13","10.35","2","0.00"
"911611","中泰山-DR       ","61000","31","259890","4.25","4.31","4.24","4.24","-","0.01","4.24","2","4.27","1","0.00"
"911612","滬安            ","852596","258","4639650","5.45","5.5","5.39","5.45","-","0.09","5.45","24","5.46","2","0.00"
"911616","杜康-DR         ","261000","96","2744750","10.35","10.65","10.35","10.5","-","0.05","10.5","1","10.6","16","0.00"
"911619","耀傑-DR         ","262000","58","2232050","8.45","8.71","8.45","8.52","+","0.02","8.52","20","8.58","1","0.00"
"911622","泰聚亨-DR       ","3000","2","37950","12.65","12.65","12.65","12.65"," ","0","12.65","2","12.7","3","0.00"
"911626","MSH-DR          ","132000","13","1449150","11.15","11.15","10.95","11.15"," ","0","11.1","5","11.15","4","0.00"
"911868","同方友友-DR     ","353100","108","1637294","4.7","4.7","4.56","4.65","+","0.05","4.6","29","4.65","6","0.00"
"912000","晨訊科-DR       ","176000","60","725990","4.17","4.17","4.11","4.12","-","0.04","4.11","21","4.12","75","0.00"
"912398","友佳-DR         ","197000","81","2641900","13.4","13.7","13.2","13.65","+","0.05","13.55","2","13.65","2","0.00"
"9136  ","巨騰-DR         ","428250","172","4309575","10","10.2","9.9","10.05","-","0.1","10.05","20","10.1","21","0.00"
"913889","大成糖          ","326000","102","1876990","5.78","5.85","5.7","5.72","-","0.1","5.72","7","5.73","5","0.00"
"9151  ","旺旺            ","335100","92","11788925","34.5","35.5","34.4","35.4","+","0.95","35.3","23","35.4","5","0.00"
"9157  ","陽光能源-DR     ","159175","77","773209","4.9","4.9","4.8","4.88","-","0.04","4.84","4","4.89","31","0.00"
"9188  ","精熙-DR         ","64000","21","207720","3.15","3.3","3.15","3.3","-","0.04","3.27","7","3.33","5","0.00"
"9902  ","台火            ","190297","65","1913070","10.15","10.25","10","10.05","-","0.1","10.05","10","10.1","3","0.00"
"9904  ","寶成            ","3436741","1175","85108597","24.6","25","24.4","24.65","+","0.05","24.6","75","24.65","4","12.39"
"9905  ","大華            ","635006","346","24241640","38","38.65","37.8","38","-","0.15","38","2","38.15","58","15.32"
"9906  ","欣巴巴          ","266019","147","6835976","26.65","26.65","25.1","25.1","-","1.85","25.1","8","25.95","1","3.19"
"9907  ","統一實          ","667187","255","9983066","14.9","15.05","14.8","14.9"," ","0","14.9","109","15","101","24.03"
"9908  ","大台北          ","283183","100","5264514","18.5","18.65","18.5","18.55","+","0.05","18.55","6","18.6","6","16.27"
"9910  ","豐泰            ","129480","74","3631486","28","28.2","27.95","28.2","+","0.2","28.05","9","28.2","8","10.22"
"9911  ","櫻花            ","492144","164","7883196","16","16.15","15.95","15.95","-","0.1","15.95","40","16","3","13.87"
"9912  ","偉聯            ","62965","48","681815","11.2","11.3","10.55","11.3"," ","0","10.6","1","11.3","1","75.33"
"9914  ","美利達          ","1328689","735","131244622","99.7","99.7","97.9","98.5","-","1.4","98.5","5","98.8","3","13.44"
"9917  ","中保            ","985869","74","59167985","60","60.4","60","60.1","+","0.1","60.1","21","60.4","5","15.37"
"9918  ","欣天然          ","2100","3","59850","28.5","28.5","28.5","28.5","+","0.3","28.3","1","28.65","1","20.07"
"9919  ","康那香          ","348005","133","4692118","13.6","13.75","13.3","13.5","-","0.25","13.4","4","13.5","85","21.77"
"9921  ","巨大            ","417430","345","58090770","140.5","141.5","137.5","139.5","-","2","139","2","139.5","1","17.35"
"9924  ","福興            ","270100","92","5097469","18.8","19.2","18.65","19.2","+","0.4","19","22","19.2","2","11.36"
"9925  ","新保            ","609120","284","17456197","28.7","28.8","28.5","28.6","-","0.25","28.6","24","28.7","19","12.12"
"9926  ","新海            ","11050","10","411520","36.9","37.3","36.9","37.3"," ","0","37","1","37.3","5","19.63"
"9927  ","泰銘            ","137900","70","3762315","27.3","27.4","27.1","27.3","-","0.2","27.25","2","27.3","9","15.08"
"9928  ","中視            ","129487","51","2076239","15.8","16.25","15.8","16.2","+","0.25","16.05","1","16.3","1","0.00"
"9929  ","秋雨            ","12001","10","36363","3.03","3.04","3","3.03"," ","0","3.03","7","3.06","2","0.00"
"9930  ","中聯資源        ","183450","113","8403650","45.95","46","45.5","45.9","-","0.1","45.9","4","46","38","15.56"
"9931  ","欣高            ","3000","3","67750","22.8","22.8","22.15","22.8","+","0.8","22.65","1","22.95","3","15.41"
"9933  ","中鼎            ","1362655","821","70938360","51.5","52.5","51.1","52.3","+","0.4","52","94","52.3","3","16.39"
"9934  ","成霖            ","101100","55","2110680","20.7","21","20.7","20.8","-","0.1","20.8","12","20.85","20","20.8"
"9935  ","慶豐富          ","81000","31","507660","6.25","6.3","6.23","6.25","+","0.02","6.25","5","6.29","6","69.44"
"9937  ","全國            ","501184","292","17097610","33.85","34.5","33.85","34.1","-","0.2","34.1","2","34.25","3","22.58"
"9938  ","百和            ","105210","108","2177622","20.5","20.85","20.5","20.7","+","0.05","20.7","1","20.8","6","10.4"
"9939  ","宏全            ","733595","418","48356770","66","66.2","65.6","65.9","-","0.1","65.9","55","66","1","13.82"
"9940  ","信義            ","748797","415","32447718","43.5","43.7","43","43.1","-","0.8","43.1","33","43.3","1","14.46"
"9941  ","裕融            ","2041658","1074","114317437","57.1","57.3","55.2","55.5","-","2","55.5","19","56","4","13.34"
"9942  ","茂順            ","54000","31","2756700","50.9","51.6","50.8","51.1","-","0.6","51.1","1","51.5","1","10.41"
"9943  ","好樂迪          ","596340","385","28468102","48","48.05","47.25","47.95","+","0.15","47.95","2","48","16","9.93"
"9944  ","新麗            ","62157","24","1374045","22.2","22.2","21.75","22.05","-","0.15","21.85","2","22.05","1","40.09"
"9945  ","潤泰新          ","7959482","3514","332444093","41.8","42.3","41.2","41.6","-","0.3","41.55","240","41.6","35","15.18"
"9955  ","佳龍            ","50561","36","1386477","27.3","27.6","27.3","27.5","+","0.2","27.35","18","27.5","1","0.00"
"9958  ","世紀鋼          ","24000","16","197300","8.2","8.25","8.2","8.2","+","0.04","8.14","3","8.2","8","0.00"
    
"說明："
"1. 漲跌(+/-)欄位符號說明:+/-/X表示漲/跌/不比價。"
"2. 當證券代號為認購(售)權證及認股權憑證時本益比欄位置為結算價；但如為以外國證券或指數為標的之認購(售)權證及履約方式採歐式者，該欄位為空白。"
"3. 除境外指數股票型基金及外國股票第二上市外，餘交易單位皆為千股。"
"4. 本統計資訊含一般、零股、盤後定價、鉅額交易，不含拍賣、標購。"

