

2012年06月25日大盤統計資訊
"指數","收盤指數","漲跌(+/-)","漲跌點數","漲跌百分比(%)"
發行量加權股價指數,7166.38,-,55.67,-0.77
臺灣50指數,4909.4,-,43.82,-0.88
臺灣中型100指數,6176.77,-,50.8,-0.82
臺灣資訊科技指數,5618.13,-,28.65,-0.51
臺灣發達指數,6504.97,-,77.21,-1.17
臺灣高股息指數,5638.65,-,30.9,-0.55
臺灣就業99指數,4075.64,-,26.87,-0.65
未含金融保險股指數,6146.07,-,47.69,-0.77
未含電子股指數,10742.52,-,105.07,-0.97
未含金融電子股指數,9811.43,-,102.26,-1.03
小型股300指數,--,,--,--
水泥窯製類指數,482.15,-,4.48,-0.92
塑膠化工類指數,746.66,-,13.9,-1.83
機電類指數,1536.32,-,8.93,-0.58
水泥類指數,118.48,-,0.92,-0.77
食品類指數,950.25,-,12.83,-1.33
塑膠類指數,207.78,-,5.38,-2.52
紡織纖維類指數,372.48,-,0.5,-0.13
電機機械類指數,112.14,-,0.23,-0.2
電器電纜類指數,35.42,-,0.45,-1.25
化學生技醫療類指數,105.44,-,0.45,-0.42
化學類指數,109.25,-,0.52,-0.47
生技醫療類指數,68.5,-,0.23,-0.33
玻璃陶瓷類指數,56.12,-,0.9,-1.58
造紙類指數,150.21,-,0.39,-0.26
鋼鐵類指數,98.23,-,0.45,-0.46
橡膠類指數,303.49,-,1.4,-0.46
汽車類指數,220.95,-,2.16,-0.97
電子類指數,272.86,-,1.6,-0.58
半導體類指數,72.4,-,0.16,-0.22
電腦及週邊設備類指數,85.17,-,0.93,-1.08
光電類指數,34.64,-,0.6,-1.7
通信網路類指數,124.72,-,0.55,-0.44
電子零組件類指數,62.51,-,0.2,-0.32
電子通路類指數,126.65,-,0.33,-0.26
資訊服務類指數,67.63,-,0.36,-0.53
其他電子類指數,59.63,-,0.36,-0.6
建材營造類指數,259.5,+,1.92,0.75
航運類指數,77.55,+,0.02,0.03
觀光類指數,123.77,-,1.29,-1.03
金融保險類指數,746.43,-,5.84,-0.78
貿易百貨類指數,184.72,-,1.31,-0.7
油電燃氣類指數,99.42,-,1.45,-1.44
其他類指數,164.4,-,1.28,-0.77
"報酬指數","收盤指數","漲跌(+/-)","漲跌點數","漲跌百分比(%)"
發行量加權股價報酬指數,9918.82,-,76.73,-0.77
臺灣就業99報酬指數,4231.96,-,27.9,-0.65
未含金融電子股報酬指數,13772.8,-,143.54,-1.03
小型股300報酬指數,--,,--,--
水泥類報酬指數,135.63,-,1.05,-0.77
食品類報酬指數,1019.19,-,13.77,-1.33
塑膠類報酬指數,236.99,-,6.13,-2.52
紡織纖維類報酬指數,411.08,-,0.56,-0.14
電機機械類報酬指數,122.76,-,0.26,-0.21
電器電纜類報酬指數,37.47,-,0.47,-1.24
化學生技醫療類報酬指數,116.42,-,0.5,-0.43
化學類報酬指數,121.21,-,0.57,-0.47
生技醫療類報酬指數,74.28,-,0.25,-0.34
玻璃陶瓷類報酬指數,57.93,-,0.93,-1.58
造紙類報酬指數,161.18,-,0.41,-0.25
鋼鐵類報酬指數,110.5,-,0.51,-0.46
橡膠類報酬指數,329,-,1.51,-0.46
汽車類報酬指數,234,-,2.3,-0.97
電子類報酬指數,342.55,-,1.98,-0.57
半導體類報酬指數,88.46,-,0.19,-0.21
電腦及週邊設備類報酬指數,106.28,-,1.16,-1.08
光電類報酬指數,38.32,-,0.66,-1.69
通信網路類報酬指數,164.22,-,0.73,-0.44
電子零組件類報酬指數,76.99,-,0.25,-0.32
電子通路類報酬指數,155.42,-,0.41,-0.26
資訊服務類報酬指數,86.8,-,0.47,-0.54
其他電子類報酬指數,65.08,-,0.36,-0.55
建材營造類報酬指數,294.47,+,2.18,0.75
航運類報酬指數,86.19,+,0.02,0.02
觀光類報酬指數,129.59,-,1.35,-1.03
金融保險類報酬指數,863.86,-,6.77,-0.78
貿易百貨類報酬指數,196.48,-,1.39,-0.7
油電燃氣類報酬指數,110.4,-,1.61,-1.44
其他類報酬指數,187.99,-,1.47,-0.78
"成交統計","成交金額(元)","成交股數(股)","成交筆數"
"1.一般股票","55921463952","1309236822","485003"
"2.台灣存託憑證","61804942","7675956","2057"
"3.受益憑證","0","0","0"
"4.ETF","488659630","16540781","4241"
"5.受益證券","51209160","3322000","279"
"6.變更交易股票","5137723","3456907","682"
"7.認購(售)權證","604566270","723021000","23145"
"8.轉換公司債","0","0","0"
"9.附認股權特別股","0","0","0"
"10.附認股權公司債","0","0","0"
"11.認股權憑證","0","0","0"
"12.公司債","0","0","0"
"證券合計(1+6)","55926601675","1312693729","485685"
"總計(1~12)","57132841677","2063253466","515407"
"漲跌證券數合計"
"類型","整體市場(元)","股票"
"上漲(漲停)",1209(62),226(5)
"下跌(跌停)",2508(38),471(1)
"持平",357,90
"未成交",4031,5
"無比價",9,5
"說明："
"1. 漲跌價差為當日收盤價與前一日收盤價比較。"
"2. 無比價含當日除權、除息、新上市、恢復交易者。"
2012年06月25日
"每日收盤行情("全部(不含權證、牛熊證)")","","","","","","","","","","(元,股)","(元,交易單位)"
"證券代號","證券名稱","成交股數","成交筆數","成交金額","開盤價","最高價","最低價","收盤價","漲跌(+/-)","漲跌價差","最後揭示買價","最後揭示買量","最後揭示賣價","最後揭示賣量","本益比"
="0015  ","富邦            ","0","0","0","--","--","--","--"," ","0","7.03","11","7.16","2","0.00"
="0050  ","元大台灣50      ","7112729","1899","349548894","49.04","49.29","49.03","49.2","-","0.36","49.19","2","49.2","16","0.00"
="0051  ","元大中型100     ","91041","38","2241718","24.55","24.74","24.52","24.73","-","0.1","24.73","2","24.8","1","0.00"
="0052  ","FB科技          ","4000","4","112820","28.23","28.23","28.16","28.21","-","0.29","28","2","28.99","1","0.00"
="0053  ","元大電子        ","23000","13","491190","21.2","21.42","21.11","21.39","-","0.02","21.12","3","21.53","51","0.00"
="0054  ","元大台商50      ","13000","10","238010","18.5","18.5","18.26","18.26","-","0.49","18.28","2","18.49","1","0.00"
="0055  ","元大MSCI金融    ","1288000","723","13067490","10.18","10.18","10.11","10.15","-","0.09","10.14","12","10.15","183","0.00"
="0056  ","元大高股息      ","264200","114","6086142","23.05","23.1","22.95","23.08","-","0.12","23.08","6","23.12","6","0.00"
="0057  ","FB摩台          ","15000","12","420380","28.07","28.22","27.86","27.86","-","0.32","27.75","2","27.86","1","0.00"
="0058  ","FB發達          ","3000","2","86710","28.92","28.92","28.87","28.87","X","0","28.5","1","29","102","0.00"
="0059  ","FB金融          ","16000","3","341980","21.46","21.52","21.31","21.31","X","0","21.15","1","21.7","1","0.00"
="0060  ","新台灣          ","3000","3","75000","25","25","25","25","-","0.15","24.72","1","25.24","1","0.00"
="0061  ","元大寶滬深      ","3628007","648","50716118","13.95","14.01","13.91","13.98","-","0.01","13.98","25","13.99","68","0.00"
="006203","元大MSCI台灣    ","38000","33","894620","23.65","23.9","23.41","23.41","-","0.59","23.46","5","23.79","2","0.00"
="006204","永豐臺灣加權    ","2000","2","70570","35.32","35.32","35.25","35.25","-","0.34","35.29","200","35.31","200","0.00"
="006205","FB上証          ","594002","123","11587360","19.67","19.67","19.46","19.5","-","0.19","19.47","3","19.5","6","0.00"
="006206","元大上證50      ","712000","99","13488720","18.93","18.98","18.87","18.89","-","0.07","18.89","1","18.92","55","0.00"
="006207","FH滬深          ","2732002","507","39082758","14.06","14.38","14.06","14.35","+","0.05","14.35","51","14.37","41","0.00"
="0080  ","恒中國          ","0","0","0","--","--","--","--"," ","0","325","1","348.8","2","0.00"
="0081  ","恒香港          ","0","0","0","--","--","--","--"," ","0","710.05","1","734.5","1","0.00"
="008201","BP上證50        ","1800","8","109150","61.9","61.9","60.1","60.1","-","1.3","60.2","6","61","3","0.00"
="01001T","土銀富邦R1      ","96000","15","1552490","16.2","16.2","16.1","16.19","-","0.01","16.15","1","16.2","3","0.00"
="01002T","土銀國泰R1      ","2533000","196","41060820","16.25","16.4","16.17","16.17","-","0.08","16.17","9","16.2","183","0.00"
="01003T","兆豐新光R1      ","254000","19","3131680","12.37","12.37","12.32","12.32","-","0.05","12.32","8","12.36","2","0.00"
="01004T","土銀富邦R2      ","206000","24","2475020","12.07","12.07","11.97","11.97","-","0.1","11.95","17","11.97","4","0.00"
="01007T","兆豐國泰R2      ","78000","14","1087620","14","14","13.91","13.91","-","0.09","13.9","16","13.94","3","0.00"
="01008T","駿馬R1          ","155000","11","1901530","12.2","12.28","12.2","12.28","+","0.03","12.26","9","12.28","12","0.00"
"1101  ","台泥            ","4165091","1677","142887562","35.1","35.1","34.15","34.25","-","0.35","34.25","317","34.35","30","14.45"
"1102  ","亞泥            ","2380287","1006","86808638","36.85","36.85","36.2","36.55","-","0.2","36.55","6","36.6","1","12.14"
"1103  ","嘉泥            ","739322","115","10053120","13.55","13.65","13.5","13.5","-","0.1","13.5","1","13.55","30","450"
"1104  ","環泥            ","97342","51","1266358","13","13.1","12.95","13","-","0.05","12.95","28","13.05","20","19.12"
"1108  ","幸福            ","427000","75","2575540","6.03","6.07","6","6.04"," ","0","6.03","15","6.04","18","43.14"
"1109  ","信大            ","11216","8","118089","10.7","10.7","10.4","10.4","-","0.1","10.4","2","10.5","10","35.86"
"1110  ","東泥            ","105474","42","1236340","11.9","11.9","11.65","11.75","-","0.05","11.65","15","11.75","5","73.44"
"1201  ","味全            ","831689","421","24960270","30.4","30.4","29.9","29.95","-","0.5","29.95","71","30","88","21.24"
"1203  ","味王            ","15168","25","291572","19.2","19.3","19.2","19.3","-","0.05","19.25","5","19.3","8","0.00"
"1210  ","大成            ","277899","165","7733440","28","28","27.75","27.85","-","0.1","27.85","13","27.9","6","15.39"
"1213  ","大飲            ","297006","201","7828856","26.55","26.9","26.05","26.05","-","0.5","26","22","26.05","2","100.19"
"1215  ","卜蜂            ","104097","72","1408336","13.45","13.65","13.4","13.4","-","0.1","13.45","4","13.5","18","28.51"
"1216  ","統一            ","8901357","3166","402479843","45.85","45.85","45","45.15","-","0.8","45.15","18","45.2","1","20.07"
"1217  ","愛之味          ","538215","235","5251954","9.84","9.84","9.7","9.7","-","0.16","9.7","69","9.76","4","0.00"
"1218  ","泰山            ","406084","161","6000383","14.85","14.95","14.65","14.75","-","0.1","14.75","62","14.8","5","44.7"
"1219  ","福壽            ","20204","13","301286","15","15","14.85","15"," ","0","14.95","2","15","13","8.67"
"1220  ","台榮            ","17084","26","170077","9.97","9.99","9.9","9.99","+","0.01","9.9","2","9.99","1","13.88"
"1225  ","福懋油          ","31955","40","411815","12.75","13","12.75","13","+","0.1","12.9","3","13","22","0.00"
"1227  ","佳格            ","1176361","809","100135651","86.1","86.1","84.9","84.9","-","1.2","84.9","15","85","298","17.76"
"1229  ","聯華            ","632380","142","11157963","17.7","17.7","17.55","17.65","-","0.05","17.65","152","17.7","33","9.97"
"1231  ","聯華食          ","119545","87","4288526","36.4","36.4","35.7","35.8","-","0.6","35.8","18","35.9","16","12.74"
"1232  ","大統益          ","8570","16","436506","50.7","50.9","50.7","50.8","+","0.1","50.7","9","50.9","1","15.07"
"1233  ","天仁            ","27562","27","1352919","49","49.3","48.8","49.2","-","0.1","48.85","6","49.2","4","20.25"
"1234  ","黑松            ","799650","255","30832882","38.6","38.85","38.4","38.5","-","0.1","38.4","15","38.5","40","53.47"
"1235  ","興泰            ","9030","9","204222","22.65","22.85","22.55","22.85"," ","0","22.55","2","22.9","1","142.81"
"1236  ","宏亞            ","23011","29","521864","23","23","22.5","22.8","-","0.15","22.8","2","23","2","16.76"
"1301  ","台塑            ","6779625","3178","514145242","77","77","75.5","75.6","-","1.7","75.6","184","75.7","26","18.17"
"1303  ","南亞            ","5821214","3009","309674142","54.6","54.6","52.8","52.8","-","2.2","52.8","95","53","16","38.54"
"1304  ","台聚            ","727044","407","19217795","26.4","26.55","26.35","26.4","-","0.1","26.4","6","26.45","2","9.5"
"1305  ","華夏            ","1710003","388","16057367","9.3","9.46","9.25","9.46","+","0.11","9.45","2","9.46","28","22"
"1307  ","三芳            ","73287","67","1660790","22.7","22.9","22.55","22.7"," ","0","22.7","3","22.8","1","12.14"
"1308  ","亞聚            ","406313","216","12686915","31","31.45","30.85","31.2","+","0.15","31.2","6","31.25","1","9.37"
"1309  ","台達化          ","144395","88","1526628","10.5","10.7","10.5","10.6","-","0.05","10.6","54","10.65","1","24.09"
"1310  ","台苯            ","563429","142","3715113","6.69","6.69","6.52","6.59","-","0.11","6.59","1","6.64","5","0.00"
"1312  ","國喬            ","2694243","857","34120413","12.5","12.8","12.5","12.75","+","0.1","12.7","2","12.75","51","18.75"
"1312A ","國喬特          ","0","0","0","--","--","--","--"," ","0","18.2","2","18.5","7","0.00"
"1313  ","聯成            ","467657","173","7508012","15.95","16.15","15.85","16.1","+","0.05","16.1","805","16.15","28","18.09"
"1314  ","中石化          ","13800819","5023","350506956","25.7","25.7","25.2","25.2","-","0.5","25.2","657","25.25","33","4.98"
"1315  ","達新            ","29528","15","859303","29.1","29.25","28.85","29.1"," ","0","29","1","29.15","2","10.07"
"1316  ","上曜            ","69001","51","1630773","24","24","23.55","23.55","-","0.55","23.55","4","23.6","1","0.00"
"1319  ","東陽            ","673617","259","19889494","29.4","29.7","29.2","29.4","+","0.1","29.4","5","29.5","4","14.55"
"1321  ","大洋            ","57001","26","1176070","20.6","20.7","20.55","20.6"," ","0","20.6","3","20.7","7","0.00"
"1323  ","永裕            ","719559","298","15230701","21","21.5","20.95","21","-","0.6","21","23","21.2","7","10.14"
"1324  ","地球            ","19025","9","216135","11.4","11.4","11.35","11.35","-","0.05","11.35","7","11.4","8","14.37"
"1325  ","恆大            ","11950","15","193000","16.05","16.2","16.05","16.15","-","0.05","16.15","3","16.2","8","17.94"
"1326  ","台化            ","4153325","2159","313603920","77.9","77.9","75.1","75.3","-","1.8","75.3","107","75.4","12","23.83"
"1337  ","再生-KY         ","233293","162","20846495","89","90","88.8","90","+","0.4","90","157","90.1","11","9.38"
"1339  ","昭輝            ","64012","59","1708966","26.7","27.1","26.35","26.45","-","0.2","26.45","3","26.7","1","10.17"
"1402  ","遠東新          ","4400641","2343","132124996","30.3","30.35","29.7","30.35","+","0.05","30.3","39","30.35","182","16.06"
"1409  ","新纖            ","795885","278","6885194","8.71","8.71","8.62","8.65","-","0.09","8.64","11","8.65","4","15.73"
"1410  ","南染            ","78019","33","1222244","15.75","15.75","15.6","15.7","+","0.15","15.6","2","15.7","18","15.7"
"1413  ","宏洲            ","50355","13","196349","3.9","3.97","3.87","3.9"," ","0","3.9","5","3.91","3","0.00"
"1414  ","東和            ","907683","375","7645796","8.2","8.55","8.16","8.42","+","0.19","8.42","7","8.43","1","2.47"
"1416  ","廣豐            ","728207","233","9849086","13.5","13.8","13.25","13.5"," ","0","13.5","79","13.55","20","17.76"
"1417  ","嘉裕            ","755262","225","7456298","9.81","9.98","9.8","9.89"," ","0","9.89","9","9.9","8","11.11"
"1418  ","東華            ","13002","10","85022","6.48","6.56","6.48","6.56","+","0.06","6.51","5","6.56","8","19.29"
"1419  ","新紡            ","17285","20","691037","39.85","40","39.85","40","-","0.15","40","3","40.05","1","47.62"
"1423  ","利華            ","482029","58","3373385","6.98","7.06","6.92","7.04","+","0.04","6.99","4","7.04","13","20.11"
"1432  ","大魯閣          ","301354","100","3585788","12.1","12.1","11.8","11.8","-","0.25","11.8","19","11.85","17","147.5"
"1434  ","福懋            ","1290169","866","32632013","25.8","25.8","25.1","25.35","-","0.35","25.35","32","25.4","2","23.69"
"1435  ","中福            ","134073","47","457828","3.42","3.43","3.4","3.4","-","0.02","3.4","14","3.42","10","0.00"
"1436  ","華友聯          ","168337","46","2377233","14.2","14.25","14.05","14.15","+","0.05","14.15","14","14.2","3","4.16"
"1437  ","勤益控          ","63006","24","761222","12.1","12.1","12.05","12.1"," ","0","12","20","12.05","9","0.00"
"1438  ","裕豐            ","1000","1","2040","2.04","2.04","2.04","2.04","X","0","2.04","9","2.25","30","0.00"
"1439  ","中和            ","1109548","436","19513699","17.6","17.7","17","17.7","+","1.15","17.7","541","--","0","0.00"
"1440  ","南紡            ","424772","158","5349045","12.5","12.65","12.5","12.6"," ","0","12.55","70","12.65","55","0.00"
"1441  ","大東            ","366774","162","3874286","10.6","10.65","10.45","10.55","+","0.1","10.55","2","10.6","45","0.00"
"1442  ","名軒            ","158107","85","4151401","26.15","26.4","26.15","26.2"," ","0","26.15","2","26.2","4","9.03"
"1443  ","立益            ","11358","9","49702","4.38","4.38","4.36","4.36"," ","0","4.32","5","4.39","2","0.00"
"1444  ","力麗            ","2274281","576","24198422","10.6","10.8","10.45","10.65","+","0.1","10.65","69","10.7","30","17.18"
"1445  ","大宇            ","47305","38","345963","7.36","7.42","7.26","7.29","-","0.07","7.29","7","7.35","4","11.76"
"1446  ","宏和            ","67457","22","845561","12.6","12.6","12.5","12.6","+","0.05","12.55","1","12.6","1","4.24"
"1447  ","力鵬            ","570158","228","5132517","8.94","9.05","8.89","9","+","0.06","9","20","9.01","1","0.00"
"1449  ","佳和            ","1100","2","1936","1.76","1.76","1.76","1.76","X","0","--","0","1.64","1","0.00"
"1451  ","年興            ","240091","94","4675855","19.5","19.5","19.45","19.45"," ","0","19.4","55","19.45","33","13.51"
"1452  ","宏益            ","153110","28","1375694","9","9","8.88","8.97","-","0.03","8.97","5","9","14","27.18"
"1453  ","大將            ","21001","22","179328","8.53","8.55","8.53","8.53","-","0.05","8.51","3","8.58","3","0.00"
"1454  ","台富            ","43046","37","312860","7.24","7.32","7.21","7.25","+","0.01","7.25","2","7.31","6","0.00"
"1455  ","集盛            ","761600","315","7147118","9.3","9.49","9.26","9.4","-","0.14","9.4","6","9.46","16","0.00"
"1456  ","怡華            ","1000","1","1490","1.49","1.49","1.49","1.49"," ","0","1.44","1","1.49","3","0.00"
"1457  ","宜進            ","298742","88","1822982","6.09","6.16","6.06","6.06","-","0.1","6.06","12","6.08","20","0.00"
"1459  ","聯發            ","166105","94","1452149","8.75","8.83","8.55","8.83","+","0.15","8.74","5","8.83","5","0.00"
"1460  ","宏遠            ","280193","111","2371259","8.45","8.52","8.38","8.48","+","0.01","8.48","16","8.49","5","5.62"
"1463  ","強盛            ","486002","55","4776678","9.75","9.9","9.75","9.89"," ","0","9.81","2","9.89","1","123.63"
"1464  ","得力            ","30003","13","259984","8.69","8.72","8.65","8.65","+","0.06","8.59","3","8.68","10","24.71"
"1465  ","偉全            ","89000","37","1208750","13.7","13.7","13.5","13.65"," ","0","13.55","4","13.65","5","13.25"
"1466  ","聚隆            ","199138","79","3724651","18.8","18.8","18.6","18.75","-","0.15","18.7","7","18.75","81","22.32"
"1467  ","南緯            ","55976","26","474447","8.45","8.5","8.45","8.46","-","0.11","8.46","1","8.49","4","13.02"
"1468  ","昶和            ","25002","14","229778","9.1","9.28","9.1","9.12","-","0.03","9.1","1","9.68","2","8.44"
"1469  ","理隆            ","13001","7","107748","8.28","8.33","8.28","8.33","+","0.03","8.05","2","8.32","1","69.42"
"1470  ","大統染          ","1","1","11","--","--","--","--"," ","0","11.55","2","12","7","29.87"
"1471  ","首利            ","407264","192","4351688","10.55","10.85","10.5","10.7","+","0.15","10.65","25","10.7","2","0.00"
"1472  ","三洋紡          ","73008","47","618044","8.59","8.7","8.4","8.42","-","0.13","8.43","16","8.5","9","0.00"
"1473  ","台南            ","250938","128","7297691","29.25","29.3","29","29.2","-","0.2","29.15","3","29.2","13","11.45"
"1474  ","弘裕            ","18007","12","123952","6.85","6.92","6.85","6.92","+","0.04","6.86","13","6.92","1","28.83"
"1475  ","本盟            ","1006","7","8428","8.38","8.38","8.38","8.38","+","0.13","7.81","1","8.18","2","0.00"
"1476  ","儒鴻            ","374564","237","25807487","69.4","69.4","68.5","68.8","-","0.5","68.5","13","68.8","4","10.99"
"1477  ","聚陽            ","406686","169","34568753","85.1","85.5","84.6","85.2"," ","0","85","19","85.2","1","11.56"
"1503  ","士電            ","330147","150","11378807","34.7","34.9","34","34.9","+","0.15","34.85","14","34.9","6","16.86"
"1504  ","東元            ","4070649","1393","78158332","19.3","19.3","19.1","19.25","-","0.15","19.2","341","19.25","63","13.28"
"1506  ","正道            ","56019","28","1350758","24.2","24.2","23.8","24.2"," ","0","24.2","14","24.25","3","41.02"
"1507  ","永大            ","401206","255","18996700","47.05","47.6","47.05","47.55","+","0.3","47.5","1","47.55","14","13.82"
"1512  ","瑞利            ","100460","41","755122","7.6","7.6","7.45","7.5","+","0.05","7.45","12","7.5","9","68.18"
"1513  ","中興電          ","394743","189","6564429","16.8","16.8","16.55","16.65","+","0.05","16.65","24","16.7","23","12.43"
"1514  ","亞力            ","345163","83","2814196","8.16","8.16","8.13","8.16","-","0.05","8.14","1","8.16","26","18.13"
"1515  ","力山            ","95474","36","475419","5","5.05","4.93","4.93","-","0.12","4.92","1","4.93","29","0.00"
"1516  ","川飛            ","1350","3","5364","4","4","4","4","X","0","4","19","--","0","0.00"
"1517  ","利奇            ","335962","129","4127170","12.25","12.35","12.15","12.3"," ","0","12.3","11","12.35","26","11.94"
"1519  ","華城            ","71101","40","983364","13.85","13.9","13.7","13.9"," ","0","13.8","1","13.9","8","0.00"
"1521  ","大億            ","46001","28","2557555","55.5","55.8","55.5","55.6","+","0.1","55.6","6","55.9","2","14.63"
"1522  ","堤維西          ","143709","63","1720183","12","12.05","11.75","12"," ","0","11.9","6","12","7","0.00"
"1524  ","耿鼎            ","40045","23","223719","5.59","5.61","5.52","5.6","+","0.01","5.53","3","5.6","3","0.00"
"1525  ","江申            ","60101","41","2717433","44.7","45.6","44.7","45.25","+","0.55","45.25","3","45.35","9","9.86"
"1526  ","日馳            ","4561","19","36359","8.01","8.05","7.98","7.98","-","0.02","7.99","1","8","3","18.56"
"1527  ","鑽全            ","121760","57","2672620","21.9","22.05","21.75","22","+","0.1","22","6","22.05","3","21.15"
"1528  ","恩德            ","103479","51","1215401","11.75","11.85","11.65","11.8","+","0.05","11.75","1","11.8","2","9.75"
"1529  ","樂士            ","13000","11","21690","1.67","1.67","1.66","1.67"," ","0","1.67","20","1.69","1","0.00"
"1530  ","亞崴            ","22112","15","651291","29.4","29.7","29.4","29.4"," ","0","29.4","24","29.5","3","9.48"
"1531  ","高林股          ","225638","94","4911455","21.9","21.9","21.75","21.8","-","0.15","21.75","13","21.8","17","11.72"
"1532  ","勤美            ","223070","81","4047326","18.1","18.35","18","18.3","+","0.1","18.3","4","18.35","5","17.77"
"1533  ","車王電          ","49016","23","824770","16.8","16.9","16.8","16.8","-","0.25","16.8","15","17.05","3","16.63"
"1535  ","中宇            ","102140","57","6643627","65","65.2","64.7","64.7","-","0.3","64.5","20","65","10","12.76"
"1536  ","和大            ","256010","109","4090060","16.15","16.15","15.9","15.9","-","0.3","15.9","11","15.95","1","10.46"
"1537  ","廣隆            ","177009","114","8630387","48.6","49.15","48.5","48.65","-","0.05","48.6","3","48.9","1","12.9"
"1538  ","正峰新          ","507203","183","6062046","12.1","12.1","11.8","11.95","-","0.15","11.95","2","12","4","0.00"
"1539  ","巨庭            ","30004","15","159160","5.46","5.46","5.22","5.26","-","0.16","5.26","7","5.37","2","0.00"
"1540  ","喬福            ","57100","34","1231149","21.4","21.65","21.4","21.65","+","0.05","21.6","5","21.65","3","12.16"
"1541  ","錩泰            ","23001","20","257461","11.35","11.5","11.1","11.1","-","0.2","11.1","1","11.2","2","0.00"
"1560  ","中砂            ","277621","181","12016973","43.6","43.6","43.1","43.1","-","0.4","43.1","10","43.4","3","14.46"
"1582  ","信錦            ","334009","225","15097509","44.8","45.5","44.7","45.05","-","0.05","45.05","2","45.15","2","10.78"
"1583  ","程泰            ","10151","13","457845","45.1","45.4","44.8","44.9","-","0.5","44.9","4","45.3","1","7.96"
"1589  ","永冠-KY         ","241000","173","14117600","56.8","60","56.3","58.9","+","1.9","58.6","1","59","15","17.58"
"1590  ","亞德客-KY       ","139129","138","23056656","167","167","163.5","165"," ","0","165","4","165.5","11","19.76"
"1603  ","華電            ","118051","37","943201","8","8.02","7.82","7.98","-","0.02","7.93","2","7.98","2","12.67"
"1604  ","聲寶            ","715677","269","6396675","8.9","8.97","8.85","8.95","+","0.02","8.93","2","8.95","31","0.00"
"1605  ","華新            ","7340721","2138","59983343","8.24","8.24","8.11","8.11","-","0.2","8.11","44","8.12","232","0.00"
"1608  ","華榮            ","571017","128","4496178","7.87","8","7.78","7.88","+","0.01","7.83","12","7.88","16","65.67"
"1609  ","大亞            ","356278","119","2575326","7.29","7.29","7.21","7.26","-","0.03","7.22","28","7.26","10","18.15"
"1611  ","中電            ","170522","95","3449542","20.1","20.35","20.1","20.25","-","0.1","20.25","50","20.3","4","15.11"
"1612  ","宏泰            ","198041","67","1864481","9.43","9.45","9.35","9.4","-","0.03","9.4","2","9.43","1","12.7"
"1613  ","台一            ","56903","49","288446","5.09","5.09","5.05","5.05","-","0.05","5.05","32","5.09","4","0.00"
"1614  ","三洋電          ","189012","50","5139978","27.2","27.3","27.15","27.15","-","0.25","27.15","13","27.4","3","25.14"
"1615  ","大山            ","29251","25","300134","10.3","10.35","10.15","10.2","-","0.15","10.2","3","10.35","3","15.94"
"1616  ","億泰            ","104001","24","427294","4.1","4.19","4.04","4.08","-","0.06","4.08","10","4.15","20","0.00"
"1617  ","榮星            ","42001","20","381579","9.1","9.17","9.05","9.13","+","0.03","9.07","1","9.13","1","0.00"
"1618  ","合機            ","201209","74","2014665","10.1","10.1","9.95","10","-","0.15","10","7","10.1","13","21.74"
"1701  ","中化            ","1012903","417","18027229","17.9","17.95","17.65","17.65","-","0.25","17.65","26","17.7","104","16.05"
"1702  ","南僑            ","939522","538","27181764","29.1","29.2","28.6","28.7","-","0.4","28.7","34","28.85","1","26.33"
"1704  ","榮化            ","1088279","690","51036184","46.6","47.4","46.4","47.4","-","0.1","47.35","37","47.4","5","21.84"
"1707  ","葡萄王          ","525943","368","28646422","54.1","54.8","54","54.3","-","0.2","54.2","23","54.3","28","14.4"
"1708  ","東鹼            ","163474","114","5226968","32.25","32.25","31.9","31.9","-","0.35","31.9","62","32","1","9.47"
"1709  ","和益            ","119129","67","2421354","20.35","20.5","20.25","20.3","-","0.05","20.3","5","20.35","49","10.1"
"1710  ","東聯            ","1097712","430","38557655","35.3","35.3","34.95","35.2","-","0.1","35.2","208","35.25","25","12.05"
"1711  ","永光            ","339202","170","6208055","18.3","18.35","18.2","18.3"," ","0","18.25","9","18.3","21","18.12"
"1712  ","興農            ","339499","136","4415964","13.05","13.05","12.95","12.95","-","0.05","12.95","188","13","3","11.99"
"1713  ","國化            ","46020","38","516226","11","11.3","11","11.25","+","0.05","11.25","3","11.3","8","33.09"
"1714  ","和桐            ","593241","238","9752351","16.6","16.6","16.35","16.45","-","0.15","16.45","2","16.55","15","11.04"
"1715  ","萬洲            ","700769","147","10691666","15.15","15.35","15.05","15.25","+","0.05","15.2","46","15.25","51","13.5"
"1717  ","長興            ","1267634","642","28543177","22.8","22.8","22.4","22.45","-","0.35","22.45","15","22.55","137","19.03"
"1718  ","中纖            ","558368","209","5048109","9.05","9.08","9.01","9.07","-","0.04","9.05","2","9.07","26","21.6"
"1720  ","生達            ","486253","229","11860271","24.2","24.6","24.1","24.5","+","0.4","24.4","13","24.5","13","14.76"
"1721  ","三晃            ","23172","24","166136","7.32","7.32","7.12","7.26","+","0.05","7.13","1","7.26","2","0.00"
"1722  ","台肥            ","1884815","1407","128025620","67.6","68.6","67.2","67.6","-","0.3","67.6","34","67.8","29","24.32"
"1723  ","中碳            ","241024","158","33226320","138","138.5","137","138"," ","0","137.5","45","138","17","15.02"
"1724  ","台硝            ","266113","158","6258910","23","23.7","23","23.4","+","0.25","23.4","8","23.5","3","7.01"
"1725  ","元禎            ","56668","47","851601","14.8","15.3","14.75","15.2","+","0.9","15","5","15.2","1","29.8"
"1726  ","永記            ","83683","41","4146650","49.4","49.75","49.4","49.6","+","0.2","49.6","6","49.75","10","9.67"
"1727  ","中華化          ","42151","30","769798","18.3","18.3","18.2","18.3"," ","0","18.25","10","18.3","7","12.45"
"1729  ","必翔            ","527001","231","18172136","34.3","34.7","34.2","34.5","+","0.2","34.4","16","34.5","15","0.00"
"1730  ","花仙子          ","72000","45","1290500","17.8","18","17.8","17.95","+","0.1","17.9","14","17.95","6","9.7"
"1731  ","美吾華          ","452006","174","5833722","13.1","13.1","12.65","12.7","-","0.2","12.7","4","12.75","3","90.71"
"1732  ","毛寶            ","31174","24","438844","14.05","14.2","14.05","14.05"," ","0","14.05","2","14.15","6","140.5"
"1733  ","五鼎            ","360026","241","27030755","75.5","75.5","74.9","75","-","0.2","74.9","4","75","15","12.46"
"1734  ","杏輝            ","485223","226","11607761","24","24.1","23.75","23.85","+","0.05","23.8","12","23.85","11","49.69"
"1735  ","日勝化          ","22302","13","226760","10.2","10.25","10.1","10.2","-","0.15","10.2","3","10.25","2","37.78"
"1736  ","喬山            ","78530","79","5056695","64.1","65","64.1","64.3","-","0.6","64.3","4","64.8","2","18.32"
"1737  ","臺鹽            ","351376","180","7426560","21.05","21.25","21","21.2","+","0.05","21.15","1","21.2","13","70.67"
"1762  ","中化生          ","577019","386","28261950","49","49.4","48.3","48.8","-","0.15","48.7","3","48.8","4","23.24"
"1773  ","勝一            ","125635","74","4977305","39.8","39.8","39.5","39.6","-","0.1","39.55","3","39.7","1","10.94"
"1789  ","神隆            ","1530300","983","84664529","54.9","55.9","54.9","55","-","0.4","55","18","55.2","6","36.18"
"1802  ","台玻            ","2997644","1569","72040496","24.4","24.4","23.9","23.95","-","0.45","23.95","62","24","10","44.35"
"1805  ","寶徠            ","21004","13","335314","15.95","16","15.8","16","+","0.1","15.55","1","16","62","7.51"
"1806  ","冠軍            ","325646","153","3578215","10.95","11.1","10.9","10.9","-","0.15","10.9","21","11","58","6.81"
"1808  ","潤隆            ","266695","158","11550152","43.15","43.5","43.05","43.1","-","0.05","43.1","20","43.15","2","6.49"
"1809  ","中釉            ","302001","123","4311414","14.1","14.6","14.1","14.3","+","0.2","14.25","7","14.3","9","12.12"
"1810  ","和成            ","210373","59","1672556","7.95","8","7.86","7.98","+","0.03","7.98","87","7.99","22","61.38"
"1902  ","台紙            ","157545","63","1443634","9.2","9.23","9.1","9.23","+","0.03","9.18","5","9.25","8","102.56"
"1903  ","士紙            ","33063","27","1323271","39.8","40.15","39.8","40.05","-","0.05","40.05","1","40.2","1","0.00"
"1904  ","正隆            ","351235","150","3911431","11.1","11.15","11.1","11.15","-","0.05","11.1","168","11.15","25","14.67"
"1905  ","華紙            ","357779","116","3292727","9.19","9.24","9.17","9.22","+","0.01","9.22","2","9.23","26","0.00"
"1906  ","寶隆            ","7051","10","40537","5.8","5.8","5.7","5.75","+","0.12","5.55","3","5.75","2","20.54"
"1907  ","永豐餘          ","399639","180","4836607","12.05","12.2","12.05","12.1","-","0.05","12.1","173","12.15","10","12.35"
"1909  ","榮成            ","180817","64","1404756","7.8","7.8","7.73","7.75","-","0.05","7.75","10","7.78","15","9.45"
"2002  ","中鋼            ","16464564","6370","455091503","28","28","27.55","27.6","-","0.15","27.6","1,103","27.65","19","34.5"
"2002A ","中鋼特          ","33000","6","1303200","39.4","39.5","39.4","39.5"," ","0","39.5","6","39.8","1","0.00"
"2006  ","東和鋼鐵        ","1629468","858","46121722","28.5","28.5","28.2","28.2","-","0.4","28.2","180","28.25","4","11.6"
"2007  ","燁興            ","13226","11","59080","4.42","4.48","4.42","4.48","+","0.01","4.48","4","4.5","4","0.00"
"2008  ","高興昌          ","60000","5","300000","5","5","5","5","-","0.02","4.84","6","5","3","0.00"
"2009  ","第一銅          ","137830","38","979070","7.1","7.15","7.08","7.13"," ","0","7.13","21","7.14","5","0.00"
"2010  ","春源            ","260248","112","3169874","12.1","12.2","12.1","12.2","+","0.1","12.15","49","12.2","87","16.27"
"2012  ","春雨            ","300066","56","2745460","9.17","9.18","9.1","9.15","-","0.02","9.15","18","9.16","1","20.8"
"2013  ","中鋼構          ","207545","100","6329220","30.55","30.55","30.45","30.55"," ","0","30.5","3","30.55","7","8.53"
"2014  ","中鴻            ","760165","287","6089638","8.01","8.03","8","8","-","0.01","8","430","8.02","3","0.00"
"2015  ","豐興            ","407018","325","20040059","49.5","49.55","49.1","49.5"," ","0","49.5","16","49.55","2","11.96"
"2017  ","官田鋼          ","794744","261","5405565","6.88","6.88","6.77","6.8","-","0.11","6.79","9","6.8","2","340"
"2020  ","美亞            ","247936","68","2893247","11.6","11.75","11.5","11.75","+","0.15","11.6","19","11.75","31","0.00"
"2022  ","聚亨            ","453891","109","2220739","4.91","4.91","4.88","4.89","-","0.03","4.89","42","4.9","10","0.00"
"2023  ","燁輝            ","871251","371","7824444","8.95","9.02","8.95","9","-","0.02","9","11","9.01","4","0.00"
"2024  ","志聯            ","37320","26","220544","5.91","5.91","5.91","5.91","-","0.11","5.91","4","5.96","3","13.43"
"2025  ","千興            ","95073","60","303518","3.27","3.27","3.17","3.19","-","0.03","3.19","1","3.2","2","0.00"
"2027  ","大成鋼          ","1176284","333","18990570","15.95","16.35","15.95","16.05","+","0.1","16.05","19","16.1","3","24.69"
"2028  ","威致            ","38073","24","189615","5","5","4.94","4.99","-","0.02","4.95","2","4.99","15","0.00"
"2029  ","盛餘            ","100061","40","1912980","19.15","19.2","19","19.2","+","0.05","19.2","1","19.25","1","12.63"
"2030  ","彰源            ","112478","65","1122723","9.94","10.05","9.94","10"," ","0","9.97","4","10","97","0.00"
"2031  ","新光鋼          ","405206","199","8446713","21.1","21.1","20.75","20.75","-","0.35","20.75","12","20.85","1","26.6"
"2032  ","新鋼            ","428293","36","4281711","9.98","10.2","9.96","10","+","0.02","10","1","10.05","1","0.00"
"2033  ","佳大            ","30090","18","323411","10.85","10.85","10.65","10.75"," ","0","10.75","1","10.8","12","14.53"
"2034  ","允強            ","165480","83","2660298","16.25","16.25","15.95","16.1"," ","0","16.1","17","16.15","11","17.13"
"2038  ","海光            ","663519","272","7946378","12.05","12.05","11.9","12","-","0.1","11.95","30","12","58","21.05"
"2049  ","上銀            ","1536873","1183","458513154","298","301","296.5","297.5","-","2.5","297.5","81","298","5","19.48"
"2059  ","川湖            ","230205","173","38693131","168.5","169.5","167","167","-","2.5","167","18","168","9","16.83"
"2062  ","橋椿            ","7015","10","212707","30.3","30.35","30.3","30.3","-","0.2","30.3","2","30.45","1","12.22"
"2101  ","南港            ","1004624","656","41278656","41.4","41.5","40.75","41.4"," ","0","41.4","19","41.45","9","22.14"
"2102  ","泰豐            ","176403","91","2629037","14.8","15","14.8","15","+","0.05","14.9","23","15","12","11.54"
"2103  ","台橡            ","1625160","1103","118482086","72.5","73.3","72.2","73"," ","0","73","189","73.2","4","10.58"
"2104  ","中橡            ","640489","199","17643650","27.6","27.6","27.45","27.6","-","0.1","27.55","4","27.6","17","11.5"
"2105  ","正新            ","5650730","2082","415827400","74.2","74.2","73","73.4","-","0.8","73.4","16","73.5","1,910","18.17"
"2106  ","建大            ","320952","244","11065893","34.45","34.6","34.3","34.5"," ","0","34.5","2","34.55","64","14.5"
"2107  ","厚生            ","2702964","1151","52994433","19.15","19.9","19.1","19.8","+","0.75","19.75","4","19.8","12","11.38"
"2108  ","南帝            ","165082","83","4366311","26.4","26.55","26.3","26.55","+","0.05","26.5","41","26.55","2","11.35"
"2109  ","華豐            ","1627169","233","9213734","5.66","6.05","5.66","6.05","+","0.39","6.05","6","--","0","0.00"
"2114  ","鑫永銓          ","131112","74","7968153","61.2","61.3","60.5","60.6","-","0.6","60.8","1","61","1","9.97"
"2201  ","裕隆            ","2339976","1263","122362048","52.7","52.7","51.8","52.3","-","0.4","52.3","73","52.4","8","24.79"
"2204  ","中華            ","1432870","938","38174890","26.7","26.85","26.5","26.6","-","0.25","26.6","26","26.7","23","13.3"
"2206  ","三陽工業        ","1740372","582","32430629","18.55","18.8","18.5","18.75","+","0.2","18.75","93","18.8","121","16.59"
"2207  ","和泰車          ","889588","739","175176600","200","200","195.5","195.5","-","4.5","195.5","12","196.5","13","16.93"
"2208  ","台船            ","366834","123","8567317","23.35","23.4","23.3","23.35"," ","0","23.35","29","23.4","36","16.44"
"2227  ","裕日車          ","207783","163","51653797","249","250","243.5","247.5","+","0.5","247.5","2","249","4","18.65"
"2231  ","為升            ","17001","9","701041","41.2","41.8","41.2","41.8","+","0.6","41.4","1","41.8","1","19.35"
"2301  ","光寶科          ","2285852","1490","83668098","37.2","37.2","36.4","36.6","-","0.5","36.6","95","36.75","3","11.69"
"2302  ","麗正            ","87395","36","337846","3.9","3.92","3.84","3.85","-","0.08","3.84","2","3.85","4","0.00"
"2303  ","聯電            ","17111128","3609","210640341","12.35","12.45","12.25","12.25","-","0.25","12.25","2,071","12.3","239","21.12"
"2305  ","全友            ","44653","18","112594","2.5","2.55","2.5","2.52","-","0.01","2.51","23","2.52","7","21"
"2308  ","台達電          ","6389750","3460","549413844","86","86.5","85.1","86","-","0.2","86","1,427","86.2","33","17.95"
"2311  ","日月光          ","22105373","6656","558497505","25.6","25.6","25.1","25.1","-","0.5","25.1","797","25.15","10","14.18"
"2312  ","金寶            ","534592","159","3453010","6.45","6.48","6.44","6.44","-","0.04","6.44","20","6.46","43","0.00"
"2313  ","華通            ","3132577","805","37536192","12.05","12.15","11.9","11.95","-","0.1","11.9","508","11.95","85","18.67"
"2314  ","台揚            ","4091059","1221","45717699","11.1","11.4","10.95","11.05","-","0.05","11.05","45","11.1","14","0.00"
"2315  ","神達            ","4363111","1003","43497488","9.92","10.05","9.87","9.99","+","0.07","9.97","18","9.99","12","28.54"
"2316  ","楠梓電          ","383151","113","5399714","14","14.15","13.9","14.15"," ","0","14","7","14.15","67","11.14"
"2317  ","鴻海            ","22522334","7611","1940871042","86.2","86.8","85","86.5","-","0.1","86.5","2,128","86.6","65","11.26"
"2321  ","東訊            ","8163","5","15752","1.9","1.94","1.9","1.94","+","0.04","1.94","14","1.96","1","0.00"
"2323  ","中環            ","6711116","1184","34057377","5.04","5.11","5.02","5.1","+","0.04","5.08","100","5.1","429","0.00"
"2324  ","仁寶            ","12937503","4824","349193065","27.6","27.6","26.85","26.9","-","0.7","26.9","386","26.95","5","12.63"
"2325  ","矽品            ","3721722","1603","113264006","30.5","30.7","30.05","30.5","+","0.2","30.5","1,570","30.55","8","20.47"
"2327  ","國巨            ","1686280","710","14688323","8.73","8.75","8.69","8.7","-","0.08","8.69","5","8.7","2","15.26"
"2328  ","廣宇            ","1911402","895","53885591","28.2","28.5","28","28","-","0.5","28","21","28.05","81","0.00"
"2329  ","華泰            ","99683","63","403956","4.1","4.1","4.01","4.05","-","0.03","4.03","4","4.05","1","0.00"
"2330  ","台積電          ","40786634","7472","3248322883","80.8","80.8","79.1","79.6","-","0.5","79.6","546","79.7","19","15.7"
"2331  ","精英            ","27462262","6416","339095417","12.3","12.5","12.15","12.4","+","0.1","12.35","221","12.4","338","28.18"
"2332  ","友訊            ","2285641","681","43916984","19.3","19.3","19.1","19.2","+","0.05","19.15","37","19.2","179","12.97"
"2337  ","旺宏            ","19370260","5624","179751533","9.1","9.55","9.04","9.48","+","0.25","9.47","12","9.48","2","41.22"
"2338  ","光罩            ","167891","62","1846990","11","11.05","10.95","11","-","0.05","10.95","21","11.05","11","22"
"2340  ","光磊            ","804361","324","10260077","12.7","12.85","12.65","12.7"," ","0","12.65","80","12.7","14","15.3"
"2342  ","茂矽            ","689545","259","2169277","3.16","3.19","3.12","3.13","-","0.03","3.13","10","3.14","13","0.00"
"2344  ","華邦電          ","2476319","451","10482599","4.26","4.26","4.2","4.25","-","0.03","4.25","149","4.26","48","0.00"
"2345  ","智邦            ","531279","270","8800039","16.55","16.65","16.45","16.65","+","0.1","16.6","39","16.65","78","10.15"
"2347  ","聯強            ","2946006","1383","212462132","72.1","72.9","71.2","72.5","-","0.2","72.5","182","72.7","9","14.98"
"2348  ","海悅            ","56","1","79","--","--","--","--"," ","0","1.34","1","1.42","1","3.91"
"2349  ","錸德            ","4473490","814","19198829","4.28","4.33","4.26","4.26","-","0.02","4.26","142","4.28","27","0.00"
"2351  ","順德            ","89001","55","1873471","21","21.15","20.9","21","-","0.3","21","32","21.2","6","45.65"
"2352  ","佳世達          ","1891988","542","13346076","7.1","7.1","7.02","7.03","-","0.07","7.03","67","7.04","15","0.00"
"2353  ","宏碁            ","13820718","4206","441293876","32.1","32.1","31.6","32","-","0.3","31.95","17","32","187","0.00"
"2354  ","鴻準            ","10783207","6251","1165607744","109","109.5","106.5","107","-","4","107","512","107.5","181","15.18"
"2355  ","敬鵬            ","1001342","466","27292347","27.6","27.6","27.05","27.05","-","0.2","27","56","27.05","47","8.22"
"2356  ","英業達          ","3995387","1566","37807417","9.53","9.53","9.42","9.51","-","0.02","9.5","341","9.51","20","15.1"
"2357  ","華碩            ","5962137","3639","1651541949","277","280","275","275.5","-","6","275.5","251","276","4","11.42"
"2358  ","廷鑫            ","675021","217","9590046","14.2","14.35","14.05","14.25","+","0.05","14.25","23","14.3","14","0.00"
"2359  ","所羅門          ","89128","65","879326","9.8","9.92","9.8","9.89","-","0.04","9.89","1","9.9","29","15.95"
"2360  ","致茂            ","136191","126","9268088","68","68.5","67.8","68","-","0.9","67.9","26","68","19","19.83"
"2361  ","鴻友            ","19707","17","41797","2","2.17","2","2.17","+","0.05","2.12","2","2.21","1","0.00"
"2362  ","藍天            ","465352","376","19415506","42.2","42.5","41.45","41.6","-","0.9","41.6","147","41.75","4","20.49"
"2363  ","矽統            ","860453","389","8456633","9.85","9.9","9.72","9.9","+","0.19","9.85","2","9.9","34","0.00"
"2364  ","倫飛            ","263555","69","637368","2.43","2.44","2.4","2.44","-","0.01","2.41","28","2.44","13","48.8"
"2365  ","昆盈            ","234880","85","2432250","10.4","10.4","10.3","10.3","-","0.15","10.3","24","10.4","30","38.15"
"2367  ","燿華            ","869672","266","9661452","11.1","11.2","11.05","11.1","-","0.1","11.1","10","11.15","31","61.67"
"2368  ","金像電          ","1297947","544","8231932","6.4","6.41","6.25","6.34","-","0.08","6.34","45","6.35","11","0.00"
"2369  ","菱生            ","2121327","935","35496982","16.75","16.9","16.5","16.9","+","0.15","16.85","18","16.9","195","24.14"
"2371  ","大同            ","5855052","1217","36635671","6.3","6.3","6.23","6.23","-","0.07","6.23","146","6.24","1","15.58"
"2373  ","震旦行          ","247690","162","11533260","46.45","46.85","46.4","46.4","-","0.05","46.3","1","46.4","23","14.32"
"2374  ","佳能            ","403614","258","10780941","26.8","26.85","26.6","26.65","-","0.15","26.65","27","26.7","23","9.94"
"2375  ","智寶            ","49238","45","196487","4.03","4.03","3.97","4.03","-","0.02","3.98","1","4.03","6","0.00"
"2376  ","技嘉            ","1232281","559","34427644","28.1","28.3","27.7","27.7","-","0.8","27.7","1","27.8","7","14.58"
"2377  ","微星            ","1614183","551","25157276","15.55","15.7","15.45","15.55"," ","0","15.55","119","15.6","20","21.3"
"2379  ","瑞昱            ","6202348","3598","338618240","54.6","55.8","53.3","53.4","-","0.8","53.4","8","53.5","2","14.02"
"2380  ","虹光            ","1228905","402","11884011","9.35","9.84","9.25","9.84","+","0.64","9.84","634","--","0","0.00"
"2382  ","廣達            ","12114425","4045","944260954","78","78.5","77","78.5"," ","0","78.4","103","78.5","520","13.44"
"2383  ","台光電          ","1239074","621","34117476","27.3","27.75","27.3","27.5","-","0.15","27.5","7","27.55","4","9.26"
"2384  ","勝華            ","10449182","3296","162390088","15.6","15.6","15.5","15.5","-","0.1","15.5","505","15.55","477","0.00"
"2385  ","群光            ","2112212","1340","121770882","57.8","58.1","57.4","57.5","-","1","57.5","60","57.6","65","9.49"
"2387  ","精元            ","267000","146","4008900","15","15.2","14.9","14.95","-","0.05","14.95","14","15","12","27.18"
"2388  ","威盛            ","4075459","1179","45562204","11.4","11.45","10.95","10.95","-","0.55","10.9","146","10.95","15","0.00"
"2390  ","云辰            ","104213","47","818760","7.84","7.95","7.8","7.83","-","0.02","7.81","6","7.88","12","0.00"
"2392  ","正崴            ","2130474","1563","124550211","59","59","58.2","58.3","-","1.1","58.3","20","58.4","3","15.22"
"2393  ","億光            ","2092470","1510","104315804","50.3","50.5","49.5","49.7","-","1","49.65","16","49.7","17","22.09"
"2395  ","研華            ","539037","482","52217777","97.5","97.5","96.1","96.9","-","0.6","96.9","64","97","2","15.78"
"2397  ","友通            ","103024","29","2314339","22.5","22.55","22.3","22.5","+","0.05","22.5","2","22.55","12","13.55"
"2399  ","映泰            ","73200","38","1091359","15","15","14.85","14.95","-","0.05","14.95","16","15","39","11.24"
"2401  ","凌陽            ","668954","289","5967430","8.95","8.97","8.85","8.85","-","0.08","8.85","33","8.94","11","0.00"
"2402  ","毅嘉            ","2601798","946","39165486","15.2","15.25","14.95","15","-","0.4","15","52","15.05","14","31.91"
"2404  ","漢唐            ","287254","152","8091912","28.3","28.3","28","28","-","0.25","28","36","28.05","1","8.92"
"2405  ","浩鑫            ","243002","109","1998695","8.12","8.31","8.05","8.26","+","0.15","8.25","3","8.26","16","21.74"
"2406  ","國碩            ","2731354","1131","68710475","25.2","25.4","24.85","24.85","-","0.3","24.85","30","24.9","2","15.93"
"2408  ","南亞科          ","151299","63","380143","2.52","2.54","2.49","2.54","-","0.04","2.5","2","2.55","15","0.00"
"2409  ","友達            ","19247030","4295","227379420","11.8","11.95","11.7","11.8","-","0.1","11.8","324","11.85","1,037","0.00"
"2412  ","中華電          ","5511292","2259","500768101","91.3","91.3","90.3","91.2","-","0.1","91.1","74","91.2","25","15.81"
"2413  ","環科            ","38021","24","295880","7.71","7.83","7.71","7.73","-","0.1","7.73","2","7.78","2","0.00"
"2414  ","精技            ","145882","71","2256803","15.4","15.55","15.4","15.55","+","0.15","15.45","6","15.55","30","10.87"
"2415  ","錩新            ","1325384","180","17689092","13.8","13.8","13.25","13.3","+","0.1","13.3","15","13.35","2","8.47"
"2417  ","圓剛            ","273717","178","6412502","23.5","23.7","23.1","23.4","-","0.25","23.4","1","23.5","2","10.26"
"2419  ","仲琦            ","1065650","388","18119912","16.8","17.15","16.8","17.1","+","0.15","17.05","26","17.1","94","17.27"
"2420  ","新巨            ","148024","60","3376544","23","23","22.7","22.8","-","0.2","22.8","53","22.85","1","10.22"
"2421  ","建準            ","223937","81","4680286","20.9","21","20.8","20.9","-","0.15","20.9","3","21","17","14.41"
"2423  ","固緯            ","40001","27","775870","19.2","19.6","19.2","19.55","+","0.15","19.4","2","19.55","6","9.92"
"2424  ","隴華            ","1001","2","14714","14.7","14.7","14.7","14.7","-","0.1","14.7","1","14.8","1","7.78"
"2425  ","承啟            ","177594","136","6174684","34.5","35.2","34.4","34.8","-","0.4","34.75","1","34.8","3","0.00"
"2426  ","鼎元            ","251275","137","2725478","10.8","10.95","10.8","10.8","-","0.1","10.8","21","10.9","5","0.00"
"2427  ","三商電          ","458706","156","4616550","9.92","10.15","9.92","10.05","+","0.08","10","39","10.05","15","38.65"
"2428  ","興勤            ","78001","46","2121127","26.8","27.3","26.8","27.3","+","0.1","27.2","4","27.3","2","9.04"
"2429  ","銘旺科          ","190","1","1128","--","--","--","--"," ","0","--","0","5.94","2","0.00"
"2430  ","燦坤            ","118164","110","7408199","63","63","62.5","62.9","-","0.3","62.6","3","62.9","1","10"
"2431  ","聯昌            ","124008","37","881694","7.1","7.14","7.1","7.11","-","0.01","7.11","3","7.14","5","0.00"
"2433  ","互盛電          ","564095","336","19354336","34.7","34.7","34","34","X","0","34","20","34.05","2","7.11"
"2434  ","統懋            ","100003","44","652368","6.57","6.69","6.42","6.43","-","0.14","6.43","8","6.45","10","0.00"
"2436  ","偉詮電          ","897092","477","11862696","12.8","13.4","12.8","13.1","+","0.1","13.1","2","13.2","12","81.88"
"2437  ","旺詮            ","27433","21","745463","27.4","27.4","27.1","27.4"," ","0","27.1","8","27.45","2","9.48"
"2438  ","翔耀            ","1667","3","2786","1.68","1.68","1.68","1.68"," ","0","1.63","1","1.66","1","0.00"
"2439  ","美律            ","2595760","1256","99775035","38.3","38.75","38","38.75","+","0.45","38.7","18","38.75","1","14.14"
"2440  ","太空梭          ","35957","20","160778","4.41","4.54","4.41","4.54","-","0.02","4.47","6","4.55","6","0.00"
"2441  ","超豐            ","897058","450","19637143","21.45","22.3","21.25","21.7","+","0.5","21.7","20","21.8","1","15.07"
"2442  ","新美齊          ","117001","50","797766","6.82","6.9","6.75","6.75","-","0.13","6.74","3","6.75","3","0.00"
"2443  ","新利虹          ","1358586","168","2826310","2.11","2.12","2.03","2.07","-","0.06","2.07","3","2.08","8","0.00"
"2444  ","友旺            ","245983","89","1607327","6.5","6.59","6.45","6.56","-","0.04","6.56","1","6.62","3","11.12"
"2448  ","晶電            ","4143624","2400","267108656","65.1","65.5","64","64","-","1.1","64","143","64.1","1","0.00"
"2449  ","京元電子        ","10713536","2929","155549643","14.3","14.8","14.3","14.35","+","0.25","14.35","32","14.4","39","41"
"2450  ","神腦            ","624202","471","65062107","104.5","105","103.5","103.5","-","1","103.5","56","104","12","17.63"
"2451  ","創見            ","577271","437","45100516","79.5","79.5","77.7","77.9","-","1.6","77.9","2","78","120","12.94"
"2453  ","凌群            ","262002","79","2599640","9.9","10","9.89","9.92","-","0.08","9.92","29","10","6","14.38"
"2454  ","聯發科          ","19081438","11739","5397226819","278","288","278","280.5","+","6.5","280","323","280.5","13","25.11"
"2455  ","全新            ","1340530","757","62415493","46.9","46.9","46.4","46.5","-","0.45","46.5","46","46.6","8","19.7"
"2456  ","奇力新          ","207146","101","3017726","14.6","14.6","14.5","14.6"," ","0","14.55","3","14.6","4","9.93"
"2457  ","飛宏            ","2296240","1224","72982030","31.2","32.1","31.2","32","+","0.8","31.9","5","32","11","8.79"
"2458  ","義隆            ","5096647","2438","222617545","43.2","44.2","43.2","43.45","-","0.8","43.45","29","43.5","17","28.4"
"2459  ","敦吉            ","132138","96","3422438","25.8","26.2","25.75","25.8","-","0.45","25.8","21","25.9","2","9.25"
"2460  ","建通            ","22009","26","281667","12.8","12.85","12.75","12.8","+","0.05","12.75","19","12.85","13","14.55"
"2461  ","光群雷          ","2086883","746","21922442","10.35","10.7","10.35","10.35","+","0.05","10.35","141","10.4","11","0.00"
"2462  ","良得電          ","281119","150","9217558","32.45","33","32.4","32.85","+","0.15","32.85","10","32.9","14","7.6"
"2464  ","盟立            ","46517","39","961098","20.8","20.8","20.55","20.75","+","0.05","20.7","1","20.75","1","14.02"
"2465  ","麗臺            ","54384","42","267852","4.93","4.95","4.91","4.91","-","0.07","4.91","5","4.94","1","0.00"
"2466  ","冠西電          ","67001","38","1610874","24.05","24.1","24","24.05"," ","0","24.05","2","24.1","28","0.00"
"2467  ","志聖            ","231004","135","4601134","19.95","20","19.85","19.85","-","0.1","19.85","77","20.05","21","8.38"
"2468  ","華經            ","27002","14","277520","10.25","10.35","10.15","10.3"," ","0","10.3","23","10.35","3","24.52"
"2471  ","資通            ","117010","70","2079180","17.7","17.9","17.65","17.8","-","0.1","17.8","13","17.9","11","17.8"
"2472  ","立隆電          ","74001","44","1003563","13.5","13.65","13.5","13.5","-","0.05","13.5","3","13.6","28","10.15"
"2473  ","思源            ","582326","235","23013444","40.1","40.1","39.3","39.4","-","0.7","39.35","19","39.4","2","13.97"
"2474  ","可成            ","9225060","4929","1823769550","198.5","201.5","197","197","-","2.5","197","72","197.5","51","12.79"
"2475  ","華映            ","2686972","484","3352964","1.25","1.27","1.22","1.25"," ","0","1.24","649","1.25","5","0.00"
"2476  ","鉅祥            ","111669","56","1682167","15.1","15.15","14.95","15","-","0.15","15","1","15.1","1","11.54"
"2477  ","美隆電          ","38341","22","303311","8","8","7.81","7.99","+","0.09","7.91","1","7.99","17","0.00"
"2478  ","大毅            ","649617","231","12124305","19.2","19.2","18.4","18.9","-","0.3","18.9","7","18.95","21","30.98"
"2480  ","敦陽科          ","550267","297","14796930","26.9","27","26.8","26.85","-","0.15","26.85","4","26.9","10","12.26"
"2481  ","強茂            ","461375","179","5592817","12.15","12.25","12.05","12.05","-","0.1","12.05","69","12.1","5","0.00"
"2482  ","連宇            ","46002","16","459950","10.05","10.05","9.92","10","-","0.05","9.97","5","10","2","0.00"
"2483  ","百容            ","140347","54","1605786","11.25","11.7","11.2","11.3","+","0.25","11.2","5","11.35","7","0.00"
"2484  ","希華            ","69104","59","598971","8.67","8.74","8.61","8.67"," ","0","8.64","2","8.67","79","0.00"
"2485  ","兆赫            ","694014","437","22357699","32.3","32.5","31.9","31.9","-","0.4","31.9","16","32","15","12.81"
"2486  ","一詮            ","320017","182","6512438","20.45","20.5","20.2","20.3","-","0.15","20.3","2","20.35","30","0.00"
"2488  ","漢平            ","188187","88","1922837","10.35","10.35","10.1","10.2","-","0.35","10.2","5","10.25","2","0.00"
"2489  ","瑞軒            ","3570831","1621","86553770","24.55","24.6","23.95","24","-","0.45","24","8","24.05","11","15.09"
"2491  ","吉祥全          ","11305","37","30184","2.7","2.7","2.65","2.7","+","0.01","2.68","3","2.7","1","0.00"
"2492  ","華新科          ","350557","149","2572800","7.35","7.47","7.31","7.32","-","0.05","7.32","2","7.37","6","0.00"
"2493  ","揚博            ","609019","263","16036320","26.3","26.55","26.05","26.25","-","0.05","26.25","6","26.35","1","7.63"
"2495  ","普安            ","292004","162","5803780","19.9","20.2","19.75","19.8","-","0.15","19.8","36","20.05","1","22"
"2496  ","卓越            ","23544","14","234490","9.7","10.1","9.7","10.1","+","0.3","10.1","7","10.25","1","0.00"
"2497  ","怡利電          ","171049","94","5684861","33.1","33.5","33.05","33.05","-","0.05","33","6","33.05","1","20.92"
"2498  ","宏達電          ","12067114","8324","4624404320","384","391","378","378.5","-","7.5","378.5","60","379","11","6.25"
"2499  ","東貝            ","675394","341","20079001","30","30","29.55","29.75","-","0.25","29.65","19","29.75","6","0.00"
"2501  ","國建            ","4724633","1171","63531411","13.25","13.6","13.25","13.45","+","0.15","13.45","84","13.5","94","6.47"
"2504  ","國產            ","2190853","522","23053307","10.55","10.6","10.45","10.45","-","0.1","10.45","114","10.5","232","34.83"
"2505  ","國揚            ","2936006","1067","36620021","12","12.8","12","12.45","+","0.35","12.45","1","12.5","31","13.99"
"2506  ","太設            ","243603","130","2062636","8.41","8.55","8.4","8.51","+","0.11","8.51","66","8.53","5","0.00"
"2509  ","全坤建          ","314470","118","6590720","20.8","21.15","20.65","20.9","+","0.1","20.9","10","20.95","6","7.04"
"2511  ","太子            ","3003887","1359","60489990","19.7","20.4","19.55","20","+","0.2","20","5","20.05","1","9.13"
"2514  ","龍邦            ","191158","44","2320446","12.05","12.15","12.05","12.1","-","0.05","12.1","78","12.15","162","0.00"
"2515  ","中工            ","5764900","1303","42147959","7.33","7.39","7.22","7.28","-","0.07","7.28","62","7.29","3","728"
"2516  ","新建            ","521065","176","4642184","8.94","8.96","8.86","8.91","-","0.04","8.91","9","8.92","7","9.9"
"2520  ","冠德            ","2126253","1077","37794078","17.5","17.95","17.4","17.8","+","0.2","17.8","23","17.85","12","8.64"
"2524  ","京城            ","501713","270","13063462","25.6","26.4","25.4","25.9","+","0.5","25.8","2","25.9","41","11.61"
"2527  ","宏璟            ","519227","188","5993659","11.3","11.7","11.3","11.45","+","0.05","11.45","39","11.55","6","0.00"
"2528  ","皇普            ","0","0","0","--","--","--","--"," ","0","8.64","2","9.25","7","0.00"
"2530  ","華建            ","123128","90","1100591","8.9","9","8.9","8.98","+","0.03","8.93","10","8.98","6","112.25"
"2534  ","宏盛            ","480292","167","7211080","15.1","15.1","14.9","15.05","+","0.05","14.95","53","15.05","69","10.24"
"2535  ","達欣工          ","484024","197","9374563","19.3","19.45","19.3","19.35","+","0.05","19.35","59","19.4","6","10.75"
"2536  ","宏普            ","3134789","1392","77431883","24","25.15","23.9","24.8","+","0.8","24.8","3","24.85","3","7.05"
"2537  ","聯上發          ","12002","10","170578","14.2","14.35","14","14.3","+","0.1","14.15","1","14.2","1","2.12"
"2538  ","基泰            ","3034398","697","51330166","16.7","17.05","16.7","16.95","+","0.1","16.9","5","16.95","52","9.97"
"2539  ","櫻花建          ","7000","5","140950","20.2","20.2","20","20"," ","0","20","1","20.15","2","11.43"
"2540  ","愛山林          ","0","0","0","--","--","--","--"," ","0","--","0","6.3","1","0.00"
"2542  ","興富發          ","1475197","1033","68618827","46.45","46.9","45.9","46.35","-","0.1","46.35","2","46.5","3","7.86"
"2543  ","皇昌            ","45073","24","263327","5.79","5.85","5.79","5.8"," ","0","5.75","1","5.8","6","145"
"2545  ","皇翔            ","2916211","791","181751450","61.7","63","61.5","63","+","1.6","62.8","15","63","105","12.83"
"2546  ","根基            ","58097","48","752814","13.05","13.05","12.85","12.95","-","0.1","12.95","13","13","4","11.67"
"2547  ","日勝生          ","4306925","1799","91379952","20.95","21.5","20.75","21.3","+","0.35","21.25","4","21.3","44","14.49"
"2548  ","華固            ","2150635","1571","150192323","68","71.2","67.8","70.5","+","3.3","70.5","7","70.6","39","9.81"
"2597  ","潤弘            ","85025","76","2585208","31.05","31.05","30","30.6","-","0.65","30.4","2","30.7","2","11.59"
"2601  ","益航            ","1547799","888","54910326","35.3","35.8","35.1","35.2","-","0.1","35.2","21","35.3","14","17"
"2603  ","長榮            ","8889104","2756","136801429","15.5","15.5","15.25","15.3","-","0.2","15.3","512","15.35","7","0.00"
"2605  ","新興            ","282582","189","7538772","26.9","26.9","26.5","26.7","-","0.2","26.7","170","26.75","7","8.78"
"2606  ","裕民            ","776647","613","35740651","46.05","46.3","45.5","46.2","-","0.15","46.2","55","46.3","5","14.76"
"2607  ","榮運            ","1198866","370","17636576","14.7","14.8","14.6","14.75"," ","0","14.75","8","14.8","28","19.16"
"2608  ","大榮            ","309106","294","10190317","33.2","33.2","32.8","32.85","-","0.25","32.85","97","33.05","5","24.33"
"2609  ","陽明            ","10310009","2934","135499756","13.05","13.3","12.8","13.15","+","0.15","13.1","336","13.15","10","0.00"
"2610  ","華航            ","36262538","5280","489883326","13.3","13.6","13.25","13.5","+","0.2","13.5","2,341","13.55","786","0.00"
"2611  ","志信            ","346176","108","4915437","14.1","14.3","14.1","14.2","+","0.05","14.2","61","14.25","26","0.00"
"2612  ","中航            ","814807","578","31371269","38.35","39","37.6","38","+","0.4","38","1","38.1","5","10.05"
"2613  ","中櫃            ","37471","28","511872","13.85","13.85","13.55","13.6","-","0.1","13.6","13","13.8","15","13.6"
"2614  ","東森            ","4631937","676","14879678","3.3","3.33","3.15","3.18","-","0.18","3.18","67","3.19","56","0.00"
"2615  ","萬海            ","1804783","824","24374136","13.55","13.6","13.4","13.5","-","0.2","13.5","187","13.55","86","0.00"
"2616  ","山隆            ","98452","80","1857689","18.8","19","18.8","18.95","+","0.15","18.85","1","18.95","15","9.72"
"2617  ","台航            ","251001","182","7202029","28.7","28.95","28.35","28.8","+","0.45","28.75","2","28.8","5","10.18"
"2618  ","長榮航          ","12638044","3539","235532849","18.55","18.8","18.35","18.5","+","0.05","18.5","399","18.55","44","0.00"
"2637  ","慧洋-KY         ","145259","73","6015948","41.5","41.5","41.3","41.5","+","0.2","41.35","6","41.5","19","6.59"
"2701  ","萬企            ","167528","43","2140404","12.85","12.9","12.7","12.8","-","0.05","12.8","2","12.85","9","23.7"
"2702  ","華園            ","23789","17","432452","18.25","18.25","18.15","18.15","-","0.25","18.15","3","18.2","1","21.1"
"2704  ","國賓            ","608631","357","18552900","30.55","30.75","30.35","30.35","-","0.4","30.35","20","30.5","10","29.47"
"2705  ","六福            ","691504","268","11545616","16.9","16.9","16.55","16.65","-","0.2","16.65","38","16.7","16","11.64"
"2706  ","第一店          ","62771","36","1147646","18.3","18.4","18.25","18.25","-","0.25","18.25","4","18.4","2","26.45"
"2707  ","晶華            ","295738","300","96574588","331.5","331.5","323","324","-","9","323.5","4","325","1","29.54"
"2722  ","夏都            ","109000","86","3925000","35.1","36.2","35.1","36.2","+","0.6","36.15","1","36.2","7","22.35"
"2723  ","美食-KY         ","243041","132","49403864","202","204.5","202","202","-","1","202","4","202.5","1","24.31"
"2727  ","王品            ","38085","38","16653740","440","440","436","438","-","1","437","2","438","1","38.49"
"2801  ","彰銀            ","7414446","2181","112533584","15.35","15.35","15.1","15.15","-","0.15","15.15","455","15.2","29","11.22"
"2809  ","京城銀          ","1471010","403","26004622","17.75","17.85","17.55","17.55","-","0.25","17.55","19","17.6","100","7.11"
"2812  ","台中銀          ","733464","241","6583746","8.92","9.03","8.91","8.97","+","0.01","8.97","16","8.99","487","11.5"
"2816  ","旺旺保          ","1666040","503","16916350","10.05","10.6","10.05","10.1","-","0.7","10.05","337","10.1","8","112.22"
"2820  ","華票            ","6576371","1263","82842818","12.6","12.65","12.55","12.6","+","0.05","12.55","232","12.6","766","4.05"
"2823  ","中壽            ","13579264","5052","372745389","27.3","27.75","27.2","27.3","-","0.2","27.3","339","27.4","114","20.07"
"2832  ","台產            ","177040","109","3589156","20.2","20.35","20.2","20.3"," ","0","20.25","10","20.3","9","10.36"
"2833  ","台壽保          ","1193376","514","19756257","16.75","16.75","16.5","16.5","-","0.25","16.5","85","16.55","26","45.83"
"2833A ","台壽甲          ","2000","2","69800","34.9","34.9","34.9","34.9","X","0","34.9","1","34.95","1","0.00"
"2834  ","臺企銀          ","3921690","1482","32407814","8.3","8.3","8.23","8.26","-","0.06","8.26","225","8.27","40","12.52"
"2836  ","高雄銀          ","245267","85","2021928","8.29","8.29","8.22","8.28","-","0.01","8.28","20","8.29","45","13.57"
"2837  ","萬泰銀          ","814481","143","6463936","7.94","8.04","7.89","7.97","-","0.02","7.96","20","7.97","9","61.31"
"2838  ","聯邦銀          ","129817","62","1274564","9.85","9.85","9.8","9.83","-","0.06","9.82","8","9.83","6","7.62"
"2841  ","台開            ","313759","84","3628473","11.55","11.65","11.5","11.6","-","0.05","11.55","12","11.6","12","12.89"
"2845  ","遠東銀          ","1082268","360","11946848","11","11.1","10.95","11.05"," ","0","11.05","164","11.1","74","9.78"
"2847  ","大眾銀          ","11870024","2215","109828067","8.75","9.42","8.75","9.19","+","0.38","9.18","10","9.19","86","10.33"
"2849  ","安泰銀          ","103000","51","1321500","12.8","12.95","12.8","12.8"," ","0","12.8","23","12.95","4","7.19"
"2850  ","新產            ","212680","98","4172124","19.75","19.75","19.55","19.7","-","0.05","19.65","24","19.75","32","10.77"
"2851  ","中再保          ","58307","41","697549","11.95","12.05","11.9","12","+","0.05","11.95","11","12.05","3","15.79"
"2852  ","第一保          ","102004","59","1213148","11.9","11.95","11.85","11.95","-","0.05","11.9","10","11.95","6","9.56"
"2855  ","統一證          ","487420","165","7180613","14.8","14.9","14.6","14.75"," ","0","14.7","27","14.75","17","18.21"
"2856  ","元富證          ","321042","165","2879557","9.15","9.15","8.89","8.91","+","0.01","8.91","58","8.94","15","21.73"
"2880  ","華南金          ","7981280","1759","127941380","16.05","16.15","16","16","-","0.05","16","1,993","16.05","7","14.29"
"2881  ","富邦金          ","8484292","2607","247286538","29.25","29.35","29","29.1","-","0.2","29.1","329","29.15","11","9.27"
"2882  ","國泰金          ","10520920","4470","302483860","28.8","28.95","28.6","28.85","-","0.15","28.8","39","28.85","186","26.71"
"2883  ","開發金          ","25166205","6046","174292169","6.95","6.96","6.9","6.91","-","0.06","6.91","1,148","6.92","64","36.37"
"2884  ","玉山金          ","4247763","1562","63016876","15.2","15.2","14.75","14.75","-","0.25","14.75","545","14.8","10","16.39"
"2885  ","元大金          ","11201090","2625","146713606","13.2","13.2","13","13.1","-","0.1","13.1","753","13.15","18","10.08"
"2886  ","兆豐金          ","24996431","5046","529763051","21.2","21.5","21.05","21.05","-","0.25","21.05","565","21.1","8","12.1"
"2887  ","台新金          ","8055401","2124","90058839","11.3","11.3","11.1","11.15","-","0.05","11.15","2,017","11.2","16","7.8"
"2887C ","新丙特          ","0","0","0","--","--","--","--"," ","0","33.3","8","33.4","9","0.00"
"2888  ","新光金          ","10762698","2684","89665978","8.4","8.4","8.3","8.32","-","0.13","8.32","966","8.34","7","9.9"
"2889  ","國票金          ","938593","317","9250208","9.93","9.94","9.8","9.85","-","0.15","9.85","59","9.87","2","44.77"
"2890  ","永豐金          ","10333465","2156","111302290","10.85","10.85","10.7","10.7","-","0.15","10.7","1,157","10.75","339","18.14"
"2891  ","中信金          ","22735380","6011","382462292","17","17","16.75","16.8","-","0.25","16.8","1,105","16.85","693","10.31"
"2892  ","第一金          ","8620256","2699","144963294","16.85","16.9","16.75","16.8","-","0.05","16.8","628","16.85","14","15"
"2901  ","欣欣            ","49010","19","1228050","25.05","25.35","25","25.3","+","0.3","25.05","4","25.35","11","57.5"
"2903  ","遠百            ","2870991","1416","79325595","27.75","27.8","27.45","27.55","-","0.4","27.5","379","27.55","36","17.77"
"2904  ","匯僑            ","339138","199","10206440","30.3","30.3","29.95","30.05","-","0.25","30.05","21","30.15","11","6.16"
"2905  ","三商            ","419029","215","9621467","23.1","23.1","22.85","23","-","0.1","23","14","23.05","21","12.64"
"2906  ","高林            ","1041000","316","14590450","14.2","14.2","14","14","-","0.25","13.95","74","14","33","9.86"
"2908  ","特力            ","265147","86","5305690","20","20.1","19.95","20","-","0.05","20","1","20.05","11","15.75"
"2910  ","統領            ","25001","22","592372","24.05","24.05","23.05","23.05","+","0.55","23.1","2","23.2","5","41.91"
"2911  ","麗嬰房          ","311509","218","8479636","27.1","27.5","27.05","27.05","-","0.05","27.05","21","27.1","3","20.34"
"2912  ","統一超          ","880978","586","135675982","155.5","155.5","153.5","154","-","1","153.5","240","154.5","68","25.29"
"2913  ","農林            ","768797","268","11066299","14.35","14.45","14.3","14.35","-","0.15","14.35","21","14.4","24","35.88"
"2915  ","潤泰全          ","2681103","1272","129202271","48.35","48.8","47.7","48.25","-","0.45","48.25","31","48.3","1","17.05"
"3002  ","歐格            ","151000","77","1767450","12","12","11.6","11.7","-","0.35","11.65","3","11.75","2","90"
"3003  ","健和興          ","122769","51","3050469","25","25","24.75","25"," ","0","24.85","3","25","50","13.09"
"3004  ","豐達科          ","288000","144","11243350","39.45","39.45","38.4","38.6","-","0.2","38.3","2","38.6","1","6.11"
"3005  ","神基            ","20490280","6468","517090960","25.45","25.65","24.65","24.7","-","0.9","24.7","137","24.75","15","30.12"
"3006  ","晶豪科          ","2045539","1203","52807020","24.95","26.2","24.7","25.9","+","0.95","25.9","4","25.95","18","0.00"
"3008  ","大立光          ","1393740","1194","841884220","609","615","597","599","-","13","599","10","600","1","16.44"
"3010  ","華立            ","1473220","319","56119239","39.15","39.15","38.95","39","-","0.15","38.95","7","39","32","10.89"
"3011  ","今皓            ","390012","118","3115726","7.95","8.06","7.88","7.96","+","0.01","7.95","13","7.96","1","0.00"
"3013  ","晟銘電          ","3033823","1015","74274181","22.85","24.9","22.85","24.8","+","1.5","24.75","5","24.8","101","0.00"
"3014  ","聯陽            ","1684428","977","44093376","25.7","26.7","25.5","25.9","+","0.1","25.9","10","26","4","0.00"
"3015  ","全漢            ","116604","76","3322972","28.65","28.65","28.35","28.35","-","0.3","28.35","3","28.4","3","9.81"
"3016  ","嘉晶            ","166946","98","2484292","14.8","15.05","14.75","14.75","-","0.05","14.75","20","14.8","9","0.00"
"3017  ","奇鋐            ","437548","218","6773973","15.5","15.6","15.4","15.45","-","0.15","15.45","6","15.5","7","11.12"
"3018  ","同開            ","1215","13","15262","12.55","12.55","12.55","12.55","-","0.15","12.55","10","12.7","2","9.16"
"3019  ","亞光            ","5286827","2444","162453700","30.95","31.3","30.15","30.35","-","0.65","30.35","22","30.4","23","0.00"
"3021  ","鴻名            ","23003","18","326342","14.25","14.5","14","14.5","+","0.1","14.35","1","14.55","1","4.13"
"3022  ","威強電          ","1126712","722","54374059","48","48.7","47.7","47.95","-","0.05","47.95","3","48","34","8.83"
"3023  ","信邦            ","325254","196","7637512","23.3","23.65","23.3","23.45","+","0.05","23.45","1","23.5","21","9.23"
"3024  ","憶聲            ","118863","49","925862","7.78","7.8","7.77","7.77","-","0.01","7.77","5","7.79","1","0.00"
"3025  ","星通            ","36176","41","290041","8.19","8.19","8","8.03","-","0.1","8","5","8.03","5","0.00"
"3026  ","禾伸堂          ","119971","90","3120796","26","26.2","25.85","26","-","0.05","26","39","26.05","3","11.71"
"3027  ","盛達            ","39160","22","390660","9.91","10.1","9.91","10.1","-","0.05","10","11","10.1","1","36.07"
"3028  ","增你強          ","278144","116","6195496","22.3","22.4","22.1","22.3"," ","0","22.25","22","22.3","1","9.1"
"3029  ","零壹            ","124001","92","2040966","16.7","16.7","16.35","16.45","-","0.05","16.35","10","16.5","25","23.17"
"3030  ","德律            ","1265964","751","59299131","46.55","47.25","46","46.4","-","0.15","46.4","5","46.5","8","11.4"
"3031  ","佰鴻            ","320775","212","6249379","19.75","19.75","19.3","19.35","-","0.45","19.35","28","19.45","10","47.2"
"3032  ","偉訓            ","18620","17","142162","7.55","7.76","7.5","7.7","+","0.13","7.56","1","7.7","2","25.67"
"3033  ","威健            ","267948","142","6504871","24.2","24.35","24.2","24.3","-","0.1","24.3","15","24.35","23","9.03"
"3034  ","聯詠            ","3595885","2338","325453187","90","91","90","90.5","+","1","90.5","6","90.6","5","15.31"
"3035  ","智原            ","4221973","2094","163684013","38.5","39.5","38.15","38.15","-","0.9","38.15","7","38.2","2","62.54"
"3036  ","文曄            ","410414","215","16408100","40","40.4","39.75","40","-","0.1","40","2","40.05","1","10.18"
"3037  ","欣興            ","9594988","3752","324796329","33.8","34.1","33.45","33.85","-","0.05","33.8","86","33.85","26","11.79"
"3038  ","全台            ","280527","80","1257896","4.53","4.64","4.33","4.56","+","0.03","4.54","3","4.56","3","0.00"
"3040  ","遠見            ","70615","21","946089","13.25","13.55","13.25","13.55","-","0.05","13.4","8","13.55","1","38.71"
"3041  ","揚智            ","5033926","2397","171001529","34.1","34.45","33.5","33.7","-","1.3","33.65","57","33.7","25","12.86"
"3042  ","晶技            ","530903","311","23037830","43.25","44.1","43","44.1","+","0.65","43.8","2","44.1","5","13.16"
"3043  ","科風            ","730541","377","10422705","14.35","14.5","14.1","14.1","-","0.25","14.1","46","14.25","7","0.00"
"3044  ","健鼎            ","1228881","1018","101257744","81.5","83.7","81","82.8","+","0.4","82.8","5","82.9","1","11.74"
"3045  ","台灣大          ","2497147","1332","233411018","93.5","94.1","92.8","93.9","+","0.6","93.8","21","93.9","5","23.71"
"3046  ","建碁            ","44608","27","274939","6.3","6.36","6.1","6.25","-","0.05","6.12","2","6.25","8","14.53"
"3047  ","訊舟            ","554549","193","5791676","10.55","10.55","10.4","10.45","-","0.15","10.45","4","10.5","60","0.00"
"3048  ","益登            ","97513","29","918540","9.5","9.5","9.35","9.37","-","0.13","9.36","11","9.44","1","19.52"
"3049  ","和鑫            ","7658438","2173","100399194","13","13.35","12.95","13","-","0.1","13","122","13.05","1","0.00"
"3050  ","鈺德            ","182402","71","995156","5.46","5.53","5.4","5.43","-","0.12","5.45","3","5.46","3","0.00"
"3051  ","力特            ","33294","24","55556","1.62","1.8","1.61","1.8","+","0.08","1.62","20","1.81","2","0.00"
"3052  ","夆典            ","234433","105","2486243","10.6","10.65","10.55","10.6"," ","0","10.6","7","10.65","26","8.28"
"3054  ","立萬利          ","40002","25","469972","11.8","11.8","11.6","11.75","+","0.1","11.6","1","11.7","10","61.84"
"3055  ","蔚華科          ","41308","28","470244","11.15","11.5","11.15","11.35","+","0.05","11.35","5","11.4","1","59.74"
"3056  ","總太            ","378000","179","10128100","26","27.15","26","26.85","+","0.15","26.85","2","26.9","7","5.64"
"3057  ","喬鼎            ","628784","235","10544961","16.95","16.95","16.65","16.7","-","0.2","16.7","12","16.75","4","0.00"
"3058  ","立德            ","37221","38","424593","11.4","11.5","11.35","11.35","-","0.05","11.35","26","11.45","28","11.58"
"3059  ","華晶科          ","2856231","1173","56899120","20.4","20.4","19.75","19.75","-","0.7","19.75","51","19.8","6","123.44"
"3060  ","銘異            ","1458479","629","108007250","74","74.5","73.6","73.6","-","0.4","73.6","23","73.8","4","35.22"
"3061  ","璨圓            ","3929182","1666","87620979","22.6","22.7","22","22","-","0.6","22","50","22.05","13","0.00"
"3062  ","建漢            ","453163","294","10153662","22.6","22.6","22.25","22.35","-","0.25","22.35","18","22.4","3","13.63"
"3080  ","威力盟          ","152229","74","2032577","13.3","13.45","13.3","13.35","-","0.15","13.3","23","13.35","3","0.00"
"3090  ","日電貿          ","17614","29","486369","27.5","27.75","27.5","27.55","+","0.05","27.6","4","27.65","2","11.62"
"3094  ","聯傑            ","104062","76","1794742","17.1","17.4","17.05","17.05","-","0.15","17.05","24","17.25","5","29.4"
"3130  ","一零四          ","31000","27","2297000","74.5","74.5","74","74.2","+","0.2","74","5","74.1","5","13.72"
"3149  ","正達            ","1173910","837","104403506","88.9","89.4","88.6","88.6","-","1.6","88.6","32","88.8","7","23.75"
"3164  ","景岳            ","277201","208","11207353","40.05","41.2","39.8","40.15","+","0.1","40.1","3","40.2","2","81.94"
"3189  ","景碩            ","2325606","1371","192094611","82.1","83.3","82.1","82.5","-","0.4","82.4","31","82.5","2","13.44"
"3209  ","全科            ","79602","57","1818423","22.8","22.95","22.8","22.85","+","0.05","22.85","1","22.9","13","12.42"
"3229  ","晟鈦            ","60091","25","456470","7.57","7.65","7.56","7.61","+","0.03","7.61","1","7.64","1","76.1"
"3231  ","緯創            ","4551003","2147","168968695","37.15","37.4","36.75","37.25"," ","0","37.25","148","37.3","8","8.74"
"3257  ","虹冠電          ","634015","322","17361406","27.45","27.9","27.05","27.05","-","0.4","27.05","8","27.1","3","10.32"
"3296  ","勝德            ","531217","243","13306952","25.5","25.5","24.7","24.7","-","0.9","24.7","5","24.85","1","0.00"
"3305  ","昇貿            ","189708","133","7008681","36.85","37.2","36.8","36.85"," ","0","36.85","8","36.9","1","8.94"
"3308  ","聯德            ","27238","12","184532","6.65","6.8","6.65","6.79","+","0.04","6.7","4","6.79","6","0.00"
"3311  ","閎暉            ","508200","371","32941679","64.9","65.3","64.5","64.5","-","0.9","64.5","93","64.6","2","9.16"
"3312  ","弘憶股          ","91273","51","1022356","11.2","11.3","11.1","11.1","-","0.15","11.1","40","11.3","11","8.54"
"3315  ","宣昶            ","122002","82","3029948","24.55","25","24.5","24.75","+","0.2","24.75","2","24.8","4","10.44"
"3356  ","奇偶            ","135487","116","15484260","113","115.5","113","114"," ","0","114","3","114.5","2","14.79"
"3376  ","新日興          ","736159","453","61203648","82.4","83.9","82.4","82.7","-","0.5","82.7","1","82.9","1","41.14"
"3380  ","明泰            ","442339","242","9657589","21.9","21.95","21.7","21.9","+","0.1","21.8","19","21.9","8","10.38"
"3383  ","新世紀          ","445126","247","12890304","28.85","29.15","28.8","29.05","-","0.1","28.95","2","29.05","6","0.00"
"3406  ","玉晶光          ","1661125","1387","405686750","246","250","241","241","-","9.5","241","26","241.5","1","20.3"
"3419  ","譁裕            ","80501","33","1099513","13.75","13.75","13.55","13.55","-","0.35","13.55","2","13.6","7","0.00"
"3432  ","台端            ","67028","26","616058","9.3","9.39","9.14","9.15","-","0.29","9.2","1","9.22","1","0.00"
"3443  ","創意            ","1074645","807","114557191","107.5","107.5","106","106","-","2","106","37","106.5","5","29.78"
"3450  ","聯鈞            ","412892","271","16798651","41","41","40.5","40.6","-","0.7","40.6","3","40.65","1","13.95"
"3454  ","晶睿            ","1470085","957","129612400","87","89.3","86.2","88.8","+","2.3","88.7","2","88.8","1","11.84"
"3474  ","華亞科          ","6433412","1733","44891591","7","7.06","6.93","6.95","-","0.15","6.95","50","6.97","50","0.00"
"3481  ","群創            ","22278834","4267","275493119","12.3","12.5","12.2","12.45","+","0.15","12.4","1,331","12.45","99","0.00"
"3494  ","誠研            ","364023","133","6645054","18","18.45","17.75","17.9","-","0.1","17.9","4","18","1","61.72"
"3501  ","維熹            ","51003","39","2113573","41.3","41.8","41.3","41.3","-","0.55","41.3","5","41.8","3","8.94"
"3504  ","揚明光          ","973194","789","106555258","110","111","108","108","-","3.5","107.5","101","108","1","21.82"
"3514  ","昱晶            ","4914166","2560","179208347","36.4","37.1","35.8","35.85","-","0.55","35.85","29","35.95","3","0.00"
"3515  ","華擎            ","142106","123","16565902","117.5","117.5","115","117","-","0.5","117","41","117.5","4","10.55"
"3518  ","柏騰            ","100590","64","3011817","29.2","30.35","29.2","30","+","0.2","29.85","2","30","1","0.00"
"3519  ","綠能            ","1992070","962","49531007","24.7","25.15","24.6","24.65","-","0.05","24.65","14","24.7","5","0.00"
"3532  ","台勝科          ","150416","79","4294863","29","29","28.4","28.4","-","0.4","28.4","5","28.65","8","0.00"
"3533  ","嘉澤            ","148082","133","10699527","71.9","72.7","71.9","72","-","0.5","72","1","72.1","1","7.31"
"3535  ","晶彩科          ","187123","106","2196482","11.8","11.8","11.65","11.65","-","0.25","11.65","31","11.7","8","0.00"
"3536  ","誠創            ","168139","83","1496565","9.24","9.24","8.74","8.82","-","0.42","8.8","1","8.82","3","0.00"
"3545  ","敦泰            ","771000","449","24006950","31.35","31.6","30.65","30.65","-","0.75","30.65","44","30.8","20","60.1"
"3550  ","聯穎            ","48000","21","632150","13","13.45","13","13.2"," ","0","13.05","11","13.2","11","0.00"
"3557  ","嘉威            ","983303","376","7947034","8.14","8.28","7.98","8","-","0.14","7.99","2","8","13","0.00"
"3559  ","全智科          ","2593223","1146","52314333","19.9","20.4","19.9","20.3","+","0.05","20.3","64","20.35","13","13.72"
"3561  ","昇陽光電        ","2989872","1324","94505006","31.75","32.05","31.1","31.1","-","0.6","31.1","16","31.15","65","0.00"
"3573  ","穎台            ","1163889","830","58461413","50.5","51.2","49.3","49.8","-","1.8","49.8","5","49.9","21","55.96"
"3576  ","新日光          ","4066639","1811","89708994","22","22.35","21.8","21.85","-","0.2","21.8","79","21.85","37","0.00"
"3579  ","尚志            ","370307","249","12533183","34.1","34.3","33.5","33.6","-","0.3","33.6","4","33.65","1","0.00"
"3584  ","介面            ","1034310","571","32885910","31.85","32.2","31.5","31.5","-","0.7","31.45","5","31.5","15","0.00"
"3588  ","通嘉            ","232134","170","12123202","49.6","53","49.6","53","+","3.4","53","338","--","0","19.34"
"3591  ","艾笛森          ","286003","206","14740150","51.8","52.1","51.2","51.3","-","0.6","51.3","4","51.5","7","36.38"
"3593  ","力銘            ","37050","26","333385","9","9.11","8.91","9"," ","0","8.98","1","9.04","1","0.00"
"3596  ","智易            ","272220","160","8955626","33","33.2","32.4","32.85","-","0.55","32.85","10","33.15","1","8.76"
"3598  ","奕力            ","1442119","1004","120160514","83.8","84.8","82","82.5","-","1.1","82.5","51","82.6","3","8.88"
"3599  ","旺能            ","665548","291","10197305","15.5","15.5","15.2","15.25","-","0.25","15.2","55","15.25","1","0.00"
"3605  ","宏致            ","196121","125","8247156","41.95","42.2","41.9","42.05","+","0.05","42.05","1","42.15","2","9.41"
"3607  ","谷崧            ","947199","635","44794501","47.9","48.2","46.1","47","-","0.6","47","59","47.2","1","36.43"
"3617  ","碩天            ","44001","29","2240154","50.3","51.3","50.2","50.6","+","0.1","50.6","2","51.1","2","12.16"
"3622  ","洋華            ","1914277","1216","128176122","68","68.1","65.6","66.3","-","1.8","66.2","131","66.4","8","0.00"
"3638  ","F-IML           ","734040","523","88530260","119","122","119","120","-","0.5","119.5","21","120","24","18.26"
"3645  ","達邁            ","412641","209","16422731","39.9","40.1","39.5","39.55","-","0.75","39.55","2","39.6","2","19.68"
"3653  ","健策            ","1790506","1302","159033224","86.6","90.2","86.4","87.6","+","1","87.6","12","87.8","3","20.76"
"3665  ","貿聯-KY         ","70792","42","2126210","30.2","30.35","29.75","29.8","-","0.5","29.8","7","30","2","11.87"
"3669  ","圓展            ","66003","49","1606372","23.6","24.9","23.6","24.35","+","0.75","24.3","2","24.6","1","19.33"
"3673  ","TPK-KY          ","2944516","2217","1369476392","473.5","474","456.5","460","-","14","459.5","9","460","7","9.41"
"3679  ","新至陞          ","70000","49","4401300","62.8","63.1","62.5","62.6","-","0.6","62.6","5","62.9","3","8.3"
"3686  ","達能            ","980317","599","16297503","16.8","16.9","16.4","16.4","-","0.4","16.4","30","16.5","5","0.00"
"3694  ","海華            ","171002","102","4423300","26","26","25.65","25.9","+","0.25","25.9","3","25.95","1","0.00"
"3697  ","F-晨星          ","892098","544","173959110","195","195","195","195","+","12.5","195","129,437","--","0","16.3"
"3698  ","隆達            ","1549147","685","50991558","33.1","33.25","32.75","32.75","-","0.8","32.75","7","32.8","14","0.00"
"3701  ","大眾控          ","1168","12","10612","9.1","9.1","9.1","9.1","+","0.03","8.74","3","9.05","2","0.00"
"3702  ","大聯大          ","6916682","3019","242037472","34.7","35.35","34.4","35"," ","0","35","121","35.05","7","12.32"
"3703  ","欣陸            ","444048","170","4639417","10.4","10.5","10.4","10.45"," ","0","10.4","290","10.45","11","8.43"
"3704  ","合勤控          ","371830","211","5751909","15.6","15.65","15.3","15.35","-","0.35","15.35","3","15.45","1","14.9"
"3705  ","永信            ","158300","65","6361050","40.2","40.35","40.05","40.35","-","0.25","40.25","10","40.35","5","19.78"
"4104  ","佳醫            ","372123","272","22597834","60.6","61.2","60.3","60.7","-","0.5","60.7","5","60.8","1","20.65"
"4106  ","雃博            ","182910","132","5875610","32.1","32.4","31.8","32.1"," ","0","32","1","32.15","5","12.59"
"4108  ","懷特            ","743401","434","30132540","40.05","41","40","40.2","+","0.15","40.2","8","40.3","10","0.00"
"4119  ","旭富            ","61352","40","3390748","56","56","54.7","54.7"," ","0","54.5","2","54.7","1","27.08"
"4133  ","亞諾法          ","440000","263","20935250","47.85","48.5","47.15","47.2","-","0.65","47.2","4","47.5","10","26.08"
"4141  ","龍燈-KY         ","48040","45","3618180","75.8","75.8","75","75.1","-","0.8","75.1","2","75.2","1","16.08"
"4142  ","國光生          ","481050","328","16249025","33.7","34.15","33.2","33.75","+","0.6","33.75","3","33.8","1","0.00"
"4144  ","康聯-KY         ","548000","380","37250900","64","69.8","64","68","+","2.7","67.8","5","68.2","10","15.14"
"4306  ","炎洲            ","457483","179","12683150","27.75","27.85","27.6","27.65","-","0.1","27.65","3","27.7","29","5.92"
"4414  ","如興            ","143005","47","966820","6.74","6.8","6.64","6.7"," ","0","6.66","1","6.7","2","5.04"
"4426  ","利勤            ","131115","81","2901253","22.1","22.45","21.9","22","-","0.1","22","12","22.1","4","19.82"
"4526  ","東台            ","595212","272","15874883","26.4","26.9","26.4","26.5","+","0.2","26.45","2","26.5","18","10.52"
"4532  ","瑞智            ","1048281","409","27358618","26","26.3","25.95","26.05","+","0.1","26.05","37","26.1","3","11.53"
"4725  ","信昌化          ","1022015","722","73186025","71","72.7","71","71.3","-","1.9","71.3","32","71.4","2","13.76"
"4733  ","上緯            ","46099","41","1983295","43.2","43.2","42.8","43.2"," ","0","43","4","43.2","1","14.21"
"4737  ","華廣            ","60100","24","4984900","83","83","82.8","83","+","0.2","82.9","1","83","5","26.18"
"4746  ","台耀            ","172003","113","11097192","64.5","65","64","64","-","0.3","64","1","64.2","1","22.86"
"4904  ","遠傳            ","7949860","2523","512356700","65","65","63.8","64.5","-","0.3","64.5","198","64.6","1","22.47"
"4906  ","正文            ","3034135","570","73368090","24.05","24.7","24","24","-","0.3","24","24","24.05","3","82.76"
"4919  ","新唐            ","354000","179","10534600","29.75","30","29.45","29.65","-","0.15","29.6","10","29.65","14","13.24"
"4930  ","燦星網          ","441966","212","6264426","14.25","14.3","14","14.05","-","0.15","14.05","70","14.2","32","0.00"
"4934  ","太極            ","3997419","1485","60447466","14.5","15.4","14.4","15.3","+","0.8","15.3","15","15.35","67","0.00"
"4935  ","茂林-KY         ","838130","430","36275606","43","43.7","43","43.1","-","0.85","43.05","33","43.1","8","14.71"
"4938  ","和碩            ","9410214","4486","385373062","41.6","41.6","40.8","40.8","-","0.85","40.8","863","40.9","2","47.44"
"4942  ","嘉彰            ","159220","97","6041140","37.8","38.5","37.65","37.65","-","0.15","37.65","6","37.7","6","9.75"
"4952  ","凌通            ","101002","55","2067191","20.35","20.65","20.35","20.4","+","0.05","20.25","2","20.4","1","22.17"
"4956  ","光鋐            ","226000","153","7392700","33","33","32.55","32.55","-","0.6","32.55","7","32.6","6","15.35"
"4958  ","臻鼎-KY         ","1533500","772","148455200","96.5","98","95.6","97","+","0.4","97","67","97.3","5","27.56"
"4960  ","奇美材          ","1619100","769","49062623","30.4","30.65","30.1","30.2","-","0.6","30.2","109","30.25","1","9.1"
"4984  ","科納-KY         ","131011","96","7556738","57.6","59","56.2","57.1","-","0.5","57.1","1","57.4","1","8"
"5007  ","三星            ","28646","17","1256714","43.8","43.95","43.8","43.95","-","0.2","43.85","1","44","3","12.28"
"5203  ","訊連            ","169731","153","14787097","87.9","88","86.8","86.9","-","1.3","86.9","9","87","34","12.65"
"5215  ","科嘉-KY         ","454200","246","27135820","60.6","60.6","59.2","59.7","-","0.9","59.6","11","59.7","1","13.12"
"5305  ","敦南            ","348742","129","5223067","14.9","15.1","14.85","14.85","-","0.15","14.85","17","15","16","87.35"
"5388  ","中磊            ","912500","460","38955574","43","43","42.5","42.5","-","0.5","42.45","60","42.5","25","13.28"
"5434  ","崇越            ","220682","123","11094801","50.4","50.4","50.1","50.3","-","0.1","50.3","1","50.4","6","8.13"
"5469  ","瀚宇博          ","380318","200","5345252","14.05","14.2","13.95","14","-","0.1","14","41","14.05","2","10.77"
"5471  ","松翰            ","550358","315","24585627","44.8","45","44.5","44.5","-","0.5","44.5","18","44.6","4","13.73"
"5484  ","慧友            ","146009","80","1436421","10.05","10.05","9.8","9.83","-","0.07","9.83","1","9.88","14","0.00"
"5515  ","建國            ","375878","133","5121092","13.6","13.65","13.55","13.6","-","0.05","13.55","51","13.65","9","4.43"
"5522  ","遠雄            ","1705569","1183","89413071","52.2","53.1","51.6","51.9","-","0.7","51.8","59","51.9","4","7.58"
"5525  ","順天            ","231803","43","3634835","15.6","15.7","15.6","15.7","+","0.05","15.65","14","15.7","6","0.00"
"5531  ","鄉林            ","547548","264","13802559","25.2","25.6","24.8","25.1","-","0.1","25.1","2","25.15","1","14.94"
"5533  ","皇鼎            ","658790","62","11921201","17.8","17.85","17.7","17.75","-","0.05","17.6","9","17.85","18","9.49"
"5534  ","長虹            ","4361241","1893","281623565","62.5","65.8","62.5","65","+","2.7","65","49","65.1","39","11.9"
"5607  ","遠雄港          ","154135","107","2419532","15.5","15.8","15.5","15.65","+","0.15","15.6","20","15.7","4","521.67"
"5608  ","四維航          ","196876","139","5293252","26.9","27.05","26.75","26.8","-","0.1","26.8","32","27","2","9.54"
"5706  ","鳳凰            ","375688","271","22092646","59","59.1","58.5","58.9","+","0.1","58.9","4","59","2","17.79"
"5871  ","中租-KY         ","1330055","779","57894072","43.75","43.95","43.15","43.15","-","0.6","43.15","17","43.2","1","13.83"
"5880  ","合庫金          ","5629418","2019","96061656","17.25","17.25","17","17.05","-","0.1","17.05","85","17.1","166","426.25"
"5906  ","台南-KY         ","51000","15","661650","12.9","13.5","12.85","13.5","+","0.6","13.4","1","13.65","5","0.00"
"5907  ","大洋-KY         ","273000","169","30347500","110","113","109.5","111.5","+","0.5","111","73","112","2","26.74"
"6005  ","群益證          ","2400984","1070","23309118","9.83","9.83","9.65","9.68","-","0.2","9.68","102","9.71","5","26.16"
"6108  ","競國            ","119405","67","2433005","20.35","20.5","20.3","20.5","-","0.1","20.45","10","20.5","5","7.19"
"6112  ","聚碩            ","444262","253","13490856","30.05","30.55","30.05","30.35","+","0.3","30.3","49","30.4","8","11.37"
"6115  ","鎰勝            ","238524","120","10318882","43.2","43.7","43","43.3","+","0.1","43.3","2","43.35","2","9.47"
"6116  ","彩晶            ","26008128","2465","54940797","2.07","2.15","2.07","2.09","-","0.13","2.09","460","2.1","386","0.00"
"6117  ","迎廣            ","9003","11","113537","12.8","12.8","12.55","12.55","-","0.2","12.5","1","12.65","1","25.1"
"6120  ","達運            ","1283148","528","21123491","16.7","16.75","16.15","16.2","-","0.6","16.2","133","16.4","11","23.14"
"6128  ","上福            ","132120","75","3818956","29","29.1","28.8","29","-","0.05","28.8","13","29","10","12.5"
"6131  ","悠克            ","14930","7","193299","13","13","12.85","13","-","0.1","12.95","2","13","2","0.00"
"6133  ","金橋            ","22001","12","174758","7.91","8","7.81","8","+","0.01","8","18","8.02","2","0.00"
"6136  ","富爾特          ","258405","144","7726550","29.8","30","29.8","29.8","+","0.1","29.8","12","29.95","21","15.36"
"6139  ","亞翔            ","130336","81","4167967","32","32.1","31.7","32"," ","0","32","2","32.05","5","9.94"
"6141  ","柏承            ","33000","14","431700","13","13.1","13","13.1","+","0.05","13.1","5","13.15","7","13.37"
"6142  ","友勁            ","157451","64","1114113","7","7.1","7","7.07"," ","0","7.07","3","7.09","49","0.00"
"6145  ","勁永            ","211495","87","1894050","8.97","9.02","8.91","8.94","-","0.14","8.94","5","8.98","8","0.00"
"6152  ","百一            ","198503","128","4956971","24.8","25.2","24.6","24.7","-","0.1","24.7","6","24.85","10","9.25"
"6153  ","嘉聯益          ","6820900","3330","332365585","47.8","49.25","47.8","48.95","+","0.35","48.95","32","49","98","13.87"
"6155  ","鈞寶            ","5000","5","99550","20","20","19.8","19.8","-","0.2","19.55","1","19.95","1","23.02"
"6164  ","華興            ","200920","126","2699619","13.6","13.6","13.3","13.4","-","0.3","13.4","6","13.45","2","58.26"
"6165  ","捷泰            ","32025","17","126596","3.98","4","3.92","3.92","-","0.04","3.91","2","3.95","3","0.00"
"6166  ","凌華            ","114702","63","4062324","35","35.7","35","35.4","+","0.4","35.4","11","35.6","2","13.62"
"6168  ","宏齊            ","297460","175","4995696","16.9","17","16.65","16.8","-","0.35","16.75","1","16.8","15","0.00"
"6172  ","互億            ","6000","3","23960","3.99","4.01","3.97","4.01"," ","0","3.9","2","4.21","1","0.00"
"6176  ","瑞儀            ","7400179","4386","1134071992","154","158.5","148","148","-","8","148","262","148.5","59","14.1"
"6183  ","關貿            ","67469","30","1270621","18.75","18.9","18.75","18.8","+","0.05","18.8","5","18.85","1","15.54"
"6184  ","大豐電          ","45121","36","2683096","59.5","59.8","59.2","59.5"," ","0","59.5","15","59.8","2","14.27"
"6189  ","豐藝            ","131740","44","3138846","23.8","23.9","23.8","23.8","-","0.1","23.8","44","23.85","3","9.19"
"6191  ","精成科          ","623571","227","7927756","12.75","12.75","12.65","12.7","-","0.1","12.65","47","12.7","4","8.64"
"6192  ","巨路            ","165050","125","10510204","64","64.2","63.5","63.7","-","0.2","63.7","3","63.9","5","10.51"
"6196  ","帆宣            ","195134","99","3718846","19","19.15","18.95","19.1"," ","0","19.1","4","19.15","10","8.06"
"6197  ","佳必琪          ","423304","257","11068676","26.5","26.5","26","26.05","-","0.45","26.05","4","26.25","18","0.00"
"6201  ","亞弘電          ","7000","3","197050","28.15","28.15","28.15","28.15"," ","0","28.15","3","28.2","2","13.73"
"6202  ","盛群            ","295082","193","9424024","31.8","32.05","31.6","32","+","0.2","31.85","22","32","11","14.04"
"6205  ","詮欣            ","24253","15","377920","15.5","15.6","15.5","15.6"," ","0","15.55","1","15.6","6","26"
"6206  ","飛捷            ","72200","58","4797559","66.5","66.6","66.2","66.3","-","0.4","66.3","1","66.5","6","11.07"
"6209  ","今國光          ","923051","455","39404829","42","42.95","42","42.55","-","0.25","42.55","12","42.6","14","15.7"
"6213  ","聯茂            ","1414303","532","46773884","32.5","33.5","32.45","32.8","+","0.1","32.8","6","32.9","20","9.85"
"6214  ","精誠            ","273032","140","8241460","30.4","30.4","30.05","30.2","-","0.3","30.1","12","30.2","11","47.94"
"6215  ","和椿            ","32050","25","367716","11.6","11.6","11.3","11.3","-","0.3","11.3","5","11.4","11","0.00"
"6216  ","居易            ","101000","64","2191500","21.5","22","21.45","21.65","+","0.15","21.65","11","21.7","2","13.12"
"6224  ","聚鼎            ","184503","111","10647331","57.8","58","57.4","57.5","-","0.3","57.5","1","57.6","5","13.1"
"6225  ","天瀚            ","26565","12","78628","3.21","3.21","2.9","2.94","-","0.08","2.94","17","3","1","0.00"
"6226  ","光鼎            ","96880","30","828041","8.7","8.7","8.53","8.53","-","0.17","8.53","4","8.55","4","0.00"
"6230  ","超眾            ","32000","21","816350","25.65","25.65","25.45","25.45","-","0.25","25.4","2","25.5","7","10.1"
"6235  ","華孚            ","90503","60","1035429","11.55","11.6","11.35","11.4","-","0.15","11.4","2","11.45","18","0.00"
"6239  ","力成            ","3133704","1704","176424570","55.8","56.8","55.5","56.8","+","0.5","56.5","7","56.8","141","10.8"
"6243  ","迅杰            ","138227","86","2291813","16.5","16.8","16.35","16.65"," ","0","16.55","3","16.65","1","0.00"
"6251  ","定穎            ","203819","61","2033530","10","10","9.91","10","+","0.02","9.97","13","10","2","0.00"
"6257  ","矽格            ","5930053","2544","136816240","22.2","23.5","22.2","22.7","+","0.5","22.7","50","22.8","9","11.18"
"6269  ","台郡            ","2811386","1898","344409092","123.5","124.5","121.5","121.5","-","3","121.5","65","122","17","15.68"
"6271  ","同欣電          ","350205","313","32972570","94","94.7","93.5","94","-","0.9","94","15","94.1","4","16.7"
"6277  ","宏正            ","18018","16","970262","54.2","54.2","53.1","53.5","-","0.7","53.5","8","54","1","12.56"
"6278  ","台表科          ","1499701","641","90839669","59.8","61","59.8","60.6","-","0.5","60.5","35","60.6","2","12.14"
"6281  ","全國電          ","77545","54","5073397","65.5","65.7","65.3","65.3","-","0.7","65.3","12","65.4","3","12.91"
"6282  ","康舒            ","4908335","1586","85491694","17.2","17.65","17.05","17.4","+","0.35","17.35","109","17.45","42","13.08"
"6283  ","淳安            ","138265","46","1040033","7.5","7.62","7.5","7.61","-","0.09","7.56","7","7.64","5","0.00"
"6285  ","啟碁            ","3113735","1797","190114935","60.1","61.8","59.5","61","+","0.9","61","39","61.1","1","11.49"
"6286  ","立錡            ","1334590","1072","232187840","176","177","172.5","174","-","4","173.5","20","174","9","17.38"
"6289  ","華上            ","329359","170","1800115","5.55","5.55","5.43","5.44","-","0.11","5.44","20","5.46","29","0.00"
"6505  ","台塑化          ","2333266","1185","182844754","79.5","79.5","77.9","78.3","-","1.2","78.3","157","78.5","20","83.3"
"6605  ","帝寶            ","62190","58","4059806","65","65.6","65","65.3","+","0.1","65.1","1","65.3","9","0.00"
"6702  ","興航            ","1196497","585","21296371","17.8","18.1","17.55","17.55","-","0.2","17.55","25","17.65","17","13.3"
"8008  ","建興電          ","471432","296","13416417","28.5","28.6","28.4","28.4","-","0.3","28.4","7","28.45","3","9.86"
"8011  ","台通            ","813240","424","27513588","33.8","34.4","33.65","33.7","-","0.3","33.7","6","33.75","1","12.48"
"8016  ","矽創            ","420973","191","15653298","36.85","37.35","36.85","37.15","+","0.3","37.1","4","37.15","3","13.27"
"8021  ","尖點            ","528306","279","9011066","16.65","17.3","16.65","17","+","0.45","17","5","17.05","6","10.43"
"8033  ","雷虎            ","59222","31","471456","7.91","8.08","7.82","8.05","+","0.01","8","4","8.05","5","0.00"
"8039  ","台虹            ","2761803","1358","125069035","46.4","46.4","44.7","45","-","1.4","45","28","45.15","13","18.67"
"8046  ","南電            ","1105149","825","52219056","46.6","47.8","46.3","47","+","0.35","46.95","54","47","2","11.99"
"8070  ","長華            ","32000","28","2141900","66.6","67.3","66.1","66.6"," ","0","66.6","4","67.1","1","740"
"8072  ","陞泰            ","128100","92","11836889","92","93","91.9","92.3","+","0.4","92.3","68","92.4","2","10.82"
"8078  ","華寶            ","18681067","7923","612941296","33.6","33.6","32.5","32.8","-","0.95","32.8","66","32.85","7","42.05"
"8081  ","致新            ","348357","299","33046549","95.5","95.5","94","95","-","0.5","95","1","95.1","3","12.86"
"8101  ","華冠            ","2897718","1237","47045314","16.1","16.6","16.05","16.25","-","0.75","16.25","6","16.3","22","18.06"
"8103  ","瀚荃            ","206590","150","8584243","41.5","41.85","41.2","41.55","+","0.05","41.5","9","41.75","11","8.82"
"8105  ","凌巨            ","1177942","403","10945546","9.31","9.43","9.2","9.23","-","0.13","9.23","10","9.27","3","0.00"
"8110  ","華東            ","371360","149","3310644","9","9","8.87","8.88","-","0.11","8.88","17","8.93","12","80.73"
"8112  ","至上            ","374020","166","5852511","15.8","15.8","15.55","15.55","-","0.3","15.55","32","15.65","4","24.68"
"8131  ","福懋科          ","52255","47","1285347","24.8","24.8","24.35","24.4","-","0.2","24.4","20","24.5","2","12.02"
"8163  ","達方            ","1534256","750","37033513","24.45","24.45","23.85","23.9","-","0.65","23.9","30","23.95","12","43.45"
"8199  ","廣鎵            ","219317","98","2853205","13.2","13.2","12.75","12.9","-","0.3","12.9","8","13","10","0.00"
"8201  ","無敵            ","120649","82","1926319","16","16.2","15.75","15.85","-","0.25","15.85","1","15.95","10","226.43"
"8210  ","勤誠            ","36021","30","1148118","32","32","31.6","31.95","-","0.05","31.95","6","32","12","8.95"
"8213  ","志超            ","1528565","808","50884872","33.7","33.7","33.1","33.1","-","0.75","33.1","15","33.15","14","9.79"
"8215  ","明基材          ","442374","197","5823554","13.2","13.35","13.1","13.1","-","0.3","13.1","3","13.15","1","0.00"
"8249  ","菱光            ","652046","363","10876359","17","17","16.45","16.5","-","0.5","16.5","38","16.6","2","15.57"
"8261  ","富鼎            ","247959","88","2927455","11.6","11.9","11.6","11.85","+","0.1","11.85","25","11.9","34","0.00"
"8271  ","宇瞻            ","1336382","668","31734847","23.75","24","23.55","23.55","-","0.45","23.55","8","23.65","16","10.15"
"8374  ","羅昇            ","61322","59","2769621","45.15","45.35","45","45.1","-","0.05","45.1","1","45.2","1","7.84"
"8404  ","百和興業-KY     ","81000","29","1080600","13.3","13.45","13.25","13.3","-","0.05","13.25","4","13.3","28","12.91"
"8411  ","福貞-KY         ","67000","53","3373450","49.4","51.2","49.4","50.3","+","0.9","50.3","4","50.5","1","9.77"
"8422  ","可寧衛          ","122740","119","25555160","207","211.5","206","206","-","2","205.5","6","206","6","15.48"
"8427  ","基勝-KY         ","27015","24","2129671","79.3","79.3","78.7","78.8","-","0.3","78.8","1","79","1","10.85"
"8926  ","台汽電          ","656315","334","12742706","19.4","19.5","19.35","19.35","-","0.15","19.35","5","19.4","1","11.32"
"8940  ","新天地          ","86915","64","2136389","24.65","24.85","24.5","24.5","-","0.15","24.5","2","24.75","8","12.56"
"910069","新曄            ","85000","19","623880","7.35","7.37","7.29","7.32","+","0.03","7.27","7","7.32","3","0.00"
"9103  ","美德醫療-DR     ","297000","91","809310","2.73","2.75","2.69","2.69","-","0.04","2.69","24","2.71","19","0.00"
"910322","康師傅-DR       ","92105","51","3390171","37","37","36.6","37","-","0.1","36.95","10","37","2","0.00"
"9104  ","萬宇科          ","0","0","0","--","--","--","--"," ","0","21.45","30","21.55","10","0.00"
"910482","聖馬丁-DR       ","540595","150","2235298","4.13","4.17","4.11","4.12","-","0.02","4.12","4","4.14","7","0.00"
"9105  ","泰金寶-DR       ","770000","123","2322130","3.03","3.03","3","3.03"," ","0","3.02","6","3.03","91","0.00"
"910579","歐聖            ","422000","32","617920","1.45","1.5","1.4","1.47","+","0.04","1.47","34","1.49","20","0.00"
"9106  ","新焦點-DR       ","196000","37","852270","4.35","4.39","4.32","4.33","-","0.08","4.32","5","4.33","15","0.00"
"910708","恒大健-DR       ","102000","15","430670","4.2","4.29","4.19","4.19","-","0.01","4.19","1","4.25","18","0.00"
"910801","金衛-DR         ","44000","24","350140","7.8","8.11","7.74","8.11","+","0.53","7.8","2","8.11","10","0.00"
"910861","神州-DR         ","13000","7","338800","25.9","26.3","25.9","26.2"," ","0","26.15","1","26.45","1","0.00"
"910948","融達            ","2000","1","5240","2.62","2.62","2.62","2.62"," ","0","2.57","2","2.62","29","0.00"
"9110  ","越南控-DR       ","101012","49","678831","6.67","6.79","6.61","6.73","+","0.06","6.72","3","6.75","1","0.00"
"911201","僑威控          ","1010","2","2888","2.86","2.86","2.86","2.86"," ","0","2.82","23","2.86","10","0.00"
"911602","華豐泰          ","32000","10","376800","11.85","11.85","11.7","11.85","+","0.3","11.3","1","11.85","23","0.00"
"911606","超級            ","0","0","0","--","--","--","--"," ","0","23.4","1","25.5","7","0.00"
"911608","明輝-DR         ","15000","5","131700","8.78","8.78","8.78","8.78"," ","0","8.77","10","8.83","1","0.00"
"911609","揚子江          ","32000","30","375950","11.8","11.8","11.65","11.75","-","0.15","11.75","1","11.8","2","0.00"
"911610","聯環            ","9000","9","82360","9.16","9.16","9.14","9.16","-","0.05","9.15","1","9.21","1","0.00"
"911611","中泰山-DR       ","192000","36","890910","4.7","4.7","4.6","4.6","-","0.14","4.6","5","4.64","5","0.00"
"911612","滬安            ","406229","109","1671556","4.16","4.16","4.08","4.1","-","0.06","4.09","2","4.11","30","0.00"
"911616","杜康-DR         ","64000","27","516280","8.1","8.1","8.04","8.04","-","0.07","8.04","18","8.08","1","0.00"
"911619","耀傑-DR         ","32000","13","232400","7.3","7.3","7.2","7.24","-","0.02","7.24","1","7.39","9","0.00"
"911622","泰聚亨-DR       ","6000","2","75850","12.65","12.65","12.6","12.6","X","0","12.6","5","12.65","1","0.00"
"911626","MSH-DR          ","86000","17","960350","11.2","11.25","11.1","11.1"," ","0","11.1","18","11.15","5","0.00"
"911868","同方友友-DR     ","283000","82","1111130","3.96","3.96","3.9","3.92","-","0.04","3.92","1","3.93","16","0.00"
"912000","晨訊科-DR       ","15000","7","49150","3.34","3.34","3.27","3.27","-","0.03","3.26","3","3.32","29","0.00"
"912398","友佳-DR         ","31000","20","402850","13","13","12.95","13","+","0.1","13","8","13.1","5","0.00"
"9136  ","巨騰-DR         ","3681000","897","39445200","10.2","10.9","10.2","10.55","+","0.35","10.55","86","10.6","31","0.00"
"913889","大成糖          ","279005","148","1041558","3.74","3.77","3.7","3.71","-","0.04","3.71","17","3.73","3","0.00"
"9151  ","旺旺            ","46000","19","1642600","36.25","36.25","35.3","35.8","-","0.35","35.7","2","36.05","10","0.00"
"9157  ","陽光能源-DR     ","81000","33","320360","3.85","4.06","3.85","3.9","-","0.05","3.95","2","3.96","1","0.00"
"9188  ","精熙-DR         ","142000","24","438310","3.1","3.1","3.07","3.08","-","0.03","3.08","32","3.13","1","0.00"
"9902  ","台火            ","44275","48","398139","8.93","9.06","8.87","9.06","+","0.13","9.01","3","9.06","5","0.00"
"9904  ","寶成            ","4257890","1727","106299797","25","25.15","24.75","24.9","-","0.4","24.9","265","24.95","5","10.97"
"9905  ","大華            ","164009","119","5900242","36","36.15","35.85","35.9","-","0.35","35.9","5","36","3","14.13"
"9906  ","欣巴巴          ","27999","30","792321","28.2","28.55","28.15","28.35","+","0.05","28.35","1","28.4","2","3.22"
"9907  ","統一實          ","1240902","407","19288328","15.5","15.65","15.5","15.5","-","0.05","15.5","190","15.55","65","30.39"
"9908  ","大台北          ","191407","82","3666121","19.15","19.2","19.1","19.1"," ","0","19.1","21","19.15","9","14.25"
"9910  ","豐泰            ","140004","80","3961013","28.3","28.4","28.2","28.2","-","0.1","28.2","47","28.4","1","11.1"
"9911  ","櫻花            ","237417","125","3590314","15.05","15.2","15.05","15.05","-","0.2","15.05","30","15.1","3","18.58"
"9912  ","偉聯            ","68121","54","899607","13.15","13.55","13.1","13.4","-","0.2","13.3","4","13.4","5","167.5"
"9914  ","美利達          ","496251","322","54002108","109","109.5","108.5","108.5","-","0.5","108.5","9","109","102","13.86"
"9917  ","中保            ","174334","117","11242007","64","64.6","64","64.5"," ","0","64.5","29","64.6","7","16.37"
"9918  ","欣天然          ","9001","7","254429","28.35","28.4","27.95","27.95","+","0.2","27.85","3","28.4","2","19.14"
"9919  ","康那香          ","59220","46","770927","13.1","13.1","13","13","-","0.1","13","5","13.05","15","22.03"
"9921  ","巨大            ","448756","423","59353548","135.5","135.5","131.5","131.5","-","2.5","131.5","46","132","4","16.06"
"9924  ","福興            ","248213","76","5005022","20.2","20.2","20.1","20.15"," ","0","20.1","33","20.2","23","11.99"
"9925  ","新保            ","262079","141","7802342","29.95","29.95","29.65","29.7"," ","0","29.7","6","29.75","1","11.98"
"9926  ","新海            ","3797","7","139509","36.7","37.2","36.7","37"," ","0","36.85","1","37.3","3","18.69"
"9927  ","泰銘            ","38801","36","1013146","26.25","26.25","26.05","26.05","-","0.15","26.05","4","26.1","2","16.81"
"9928  ","中視            ","22039","27","309046","14.3","14.3","13.95","14.1"," ","0","13.9","7","14.2","6","0.00"
"9929  ","秋雨            ","25012","26","72014","2.98","2.98","2.84","2.91","-","0.04","2.88","4","2.91","1","0.00"
"9930  ","中聯資源        ","99181","71","4716062","47.4","47.7","47.4","47.55","+","0.15","47.55","5","47.65","4","15.9"
"9931  ","欣高            ","1006","7","22544","22.4","22.4","22.4","22.4","X","0","22.4","2","22.6","2","15.56"
"9933  ","中鼎            ","1815300","1337","96944547","53.2","54.3","52.6","53.5","+","0.3","53.5","537","53.7","1","16.46"
"9934  ","成霖            ","190313","93","3769147","20","20","19.7","19.9"," ","0","19.85","5","19.9","3","19.51"
"9935  ","慶豐富          ","35338","29","206442","5.87","5.95","5.75","5.95","+","0.11","5.78","5","5.95","5","0.00"
"9937  ","全國            ","114414","80","3609537","31.6","31.75","31.45","31.5"," ","0","31.5","13","31.55","1","21.28"
"9938  ","百和            ","76598","85","1546372","20.2","20.3","20.05","20.2"," ","0","20.1","15","20.2","1","10.8"
"9939  ","宏全            ","654635","408","43888045","67.7","67.7","66.5","66.5","-","1.5","66.5","53","66.6","4","14.21"
"9940  ","信義            ","262591","187","11002877","41.5","42.5","41.05","42.5","+","1","42.2","1","42.5","6","16.16"
"9941  ","裕融            ","816665","500","53242791","66","66","64.8","64.9","-","1.3","64.9","22","65","248","15.6"
"9942  ","茂順            ","41000","28","2091100","50.9","51.1","50.9","51.1","+","0.1","51.1","1","51.2","1","11.08"
"9943  ","好樂迪          ","88400","56","4405709","49.5","50.3","49.5","49.55","-","0.45","49.55","4","49.9","5","9.31"
"9944  ","新麗            ","36316","14","757739","20.9","20.95","20.8","20.8","+","0.05","20.65","2","20.8","9","260"
"9945  ","潤泰新          ","2419137","1387","107414428","44.9","44.9","44.15","44.2","-","0.7","44.15","245","44.2","12","15.67"
"9955  ","佳龍            ","52349","31","1203554","23.1","23.1","22.9","23.05","-","0.05","23.05","4","23.1","28","26.49"
"9958  ","世紀鋼          ","60000","27","507520","8.5","8.52","8.36","8.5"," ","0","8.5","4","8.52","14","0.00"
    
"說明："
"1. 漲跌(+/-)欄位符號說明:+/-/X表示漲/跌/不比價。"
"2. 當證券代號為認購(售)權證及認股權憑證時本益比欄位置為結算價；但如為以外國證券或指數為標的之認購(售)權證及履約方式採歐式者，該欄位為空白。"
"3. 除境外指數股票型基金及外國股票第二上市外，餘交易單位皆為千股。"
"4. 本統計資訊含一般、零股、盤後定價、鉅額交易，不含拍賣、標購。"

