

2016年12月30日大盤統計資訊
"指數","收盤指數","漲跌(+/-)","漲跌點數","漲跌百分比(%)"
寶島股價指數,10635.23,+,109.56,1.04
發行量加權股價指數,9253.5,+,100.41,1.1
臺灣公司治理100指數,5246.27,+,61.7,1.19
臺灣50指數,6978.54,+,71.85,1.04
臺灣中型100指數,6291.72,+,53.91,0.86
臺灣資訊科技指數,8287.56,+,68.73,0.84
臺灣發達指數,7846.32,+,91.08,1.17
臺灣高股息指數,5423.76,+,45.08,0.84
臺灣就業99指數,5574.15,+,52.25,0.95
臺灣高薪100指數,5192.07,+,50.8,0.99
臺灣低波動高股息指數,1346.42,+,14.81,1.11
未含金融保險股指數,7808.87,+,85.84,1.11
未含電子股指數,13167.01,+,175.1,1.35
未含金融電子股指數,11323.43,+,165.84,1.49
小型股300指數,5485.11,+,41.14,0.76
漲升股利150指數,5268.57,+,63.62,1.22
漲升股利100指數,5225.74,+,67.8,1.31
水泥窯製類指數,427.44,+,6.35,1.51
塑膠化工類指數,860.96,+,8.77,1.03
機電類指數,2078.55,+,18.07,0.88
水泥類指數,111.78,+,1.83,1.66
食品類指數,1360.77,+,13.37,0.99
塑膠類指數,259.98,+,3.33,1.3
紡織纖維類指數,475.5,+,4.75,1.01
電機機械類指數,154.46,+,1.49,0.97
電器電纜類指數,38.72,+,0.19,0.49
化學生技醫療類指數,99.12,+,0.07,0.07
化學類指數,97.97,+,0.62,0.64
生技醫療類指數,71.1,-,0.44,-0.62
玻璃陶瓷類指數,36.27,+,0.25,0.69
造紙類指數,165.32,+,1.75,1.07
鋼鐵類指數,98.06,+,0.52,0.53
橡膠類指數,312.93,+,3.02,0.97
汽車類指數,250.66,+,4.08,1.65
電子類指數,369.64,+,3.21,0.88
半導體類指數,128.21,+,1.05,0.83
電腦及週邊設備類指數,95.56,+,1.03,1.09
光電類指數,35.51,+,0.36,1.02
通信網路類指數,117.83,+,0.91,0.78
電子零組件類指數,78.14,+,0.81,1.05
電子通路類指數,108.18,+,0.9,0.84
資訊服務類指數,85.44,+,1.72,2.05
其他電子類指數,86.87,+,0.63,0.73
建材營造類指數,240.09,+,3.62,1.53
航運類指數,57.3,+,0.36,0.63
觀光類指數,106.02,+,0.53,0.5
金融保險類指數,1076.77,+,10.7,1
貿易百貨類指數,207.61,+,2.29,1.12
油電燃氣類指數,141.24,+,6.58,4.89
其他類指數,236.13,+,2.24,0.96
臺指日報酬兩倍指數,12494.86,+,268.25,2.19
臺指日報酬反向一倍指數,8614.91,-,95.55,-1.1
電子類兩倍槓桿指數,9347.89,+,160.96,1.75
電子類反向指數,9656.62,-,85.34,-0.88
"報酬指數","收盤指數","漲跌(+/-)","漲跌點數","漲跌百分比(%)"
寶島股價報酬指數,11842.83,+,122,1.04
發行量加權股價報酬指數,15256.22,+,165.54,1.1
臺灣公司治理100報酬指數,5687.16,+,66.88,1.19
臺灣50報酬指數,11635.11,+,119.79,1.04
臺灣中型100報酬指數,9757.89,+,83.61,0.86
臺灣資訊科技報酬指數,13139.16,+,108.96,0.84
臺灣發達報酬指數,11790.1,+,136.87,1.17
臺灣高股息報酬指數,10161.28,+,84.44,0.84
臺灣就業99報酬指數,6847.9,+,64.18,0.95
臺灣高薪100報酬指數,5706.17,+,55.83,0.99
臺灣低波動高股息報酬指數,2903.02,+,31.92,1.11
未含金融電子股報酬指數,18711.73,+,274.06,1.49
小型股300報酬指數,5728.78,+,42.97,0.76
漲升股利150報酬指數,5442.7,+,65.72,1.22
漲升股利100報酬指數,5390.11,+,69.93,1.31
水泥類報酬指數,163.22,+,2.67,1.66
食品類報酬指數,1668.89,+,16.41,0.99
塑膠類報酬指數,347.22,+,4.44,1.3
紡織纖維類報酬指數,622.94,+,6.23,1.01
電機機械類報酬指數,198.69,+,1.92,0.98
電器電纜類報酬指數,45.33,+,0.23,0.51
化學生技醫療類報酬指數,128.5,+,0.09,0.07
化學類報酬指數,131.25,+,0.83,0.64
生技醫療類報酬指數,86.82,-,0.53,-0.61
玻璃陶瓷類報酬指數,39.18,+,0.27,0.69
造紙類報酬指數,205.43,+,2.17,1.07
鋼鐵類報酬指數,129.83,+,0.69,0.53
橡膠類報酬指數,406.91,+,3.93,0.98
汽車類報酬指數,318.76,+,5.2,1.66
電子類報酬指數,560.18,+,4.86,0.88
半導體類報酬指數,185.77,+,1.52,0.82
電腦及週邊設備類報酬指數,152.52,+,1.65,1.09
光電類報酬指數,44.25,+,0.45,1.03
通信網路類報酬指數,196.75,+,1.52,0.78
電子零組件類報酬指數,117.36,+,1.21,1.04
電子通路類報酬指數,180.67,+,1.5,0.84
資訊服務類報酬指數,145.23,+,2.93,2.06
其他電子類報酬指數,109.61,+,0.79,0.73
建材營造類報酬指數,350.55,+,5.29,1.53
航運類報酬指數,71.26,+,0.45,0.64
觀光類報酬指數,123.33,+,0.62,0.51
金融保險類報酬指數,1453.25,+,14.45,1
貿易百貨類報酬指數,260.18,+,2.87,1.12
油電燃氣類報酬指數,177.66,+,8.29,4.89
其他類報酬指數,324.82,+,3.09,0.96
"成交統計","成交金額(元)","成交股數(股)","成交筆數"
"1.一般股票","52470496354","1415208436","509115"
"2.台灣存託憑證","7714066","1707784","467"
"3.受益憑證","0","0","0"
"4.ETF","4029936773","222601763","26040"
"5.受益證券","5477680","375100","79"
"6.變更交易股票","33081489","15056513","1725"
"7.認購(售)權證","894062590","1085158000","29599"
"8.轉換公司債","0","0","0"
"9.附認股權特別股","0","0","0"
"10.附認股權公司債","0","0","0"
"11.認股權憑證","0","0","0"
"12.公司債","0","0","0"
"證券合計(1+6)","52503577843","1430264949","510840"
"總計(1~12)","57440768952","2740107596","567025"
"漲跌證券數合計"
"類型","整體市場(元)","股票"
"上漲(漲停)",2463(5),607(2)
"下跌(跌停)",1873(29),152(1)
"持平",582,121
"未成交",5036,6
"無比價",1119,6
"說明："
"1. 漲跌價差為當日收盤價與前一日收盤價比較。"
"2. 無比價含當日除權、除息、新上市、恢復交易者。"
"3. 外幣（含人民幣）成交值係以本公司當日下午3時30分公告人民幣兌新臺幣匯率4.643換算後加入成交金額。"
2016年12月30日
"每日收盤行情("全部(不含權證、牛熊證)")","","","","","","","","","","(元,股)","(元,交易單位)"
"證券代號","證券名稱","成交股數","成交筆數","成交金額","開盤價","最高價","最低價","收盤價","漲跌(+/-)","漲跌價差","最後揭示買價","最後揭示買量","最後揭示賣價","最後揭示賣量","本益比"
="0050  ","元大台灣50      ","2726453","660","195669616","71.65","72","71.55","71.8","+","0.55","71.7","300","71.8","38","0.00"
="0051  ","元大中型100     ","23000","12","586650","25.36","25.63","25.36","25.63","+","0.27","25.43","1","25.64","11","0.00"
="0052  ","富邦科技        ","1000","1","42600","42.6","42.6","42.6","42.6","X","0","42.35","10","42.6","2","0.00"
="0053  ","元大電子        ","2000","2","58680","29.34","29.34","29.34","29.34","+","0.11","29.38","1","29.5","1","0.00"
="0054  ","元大台商50      ","10000","6","211500","21.14","21.18","21.14","21.18","+","0.23","21.14","1","21.29","1","0.00"
="0055  ","元大MSCI金融    ","49000","38","708060","14.45","14.5","14.4","14.48","+","0.09","14.42","50","14.48","2","0.00"
="0056  ","元大高股息      ","1290054","541","29742798","23.01","23.09","23","23.07","+","0.08","23.06","59","23.07","1","0.00"
="0057  ","富邦摩台        ","0","0","0","--","--","--","--"," ","0","41.95","20","42.08","20","0.00"
="0058  ","富邦發達        ","0","0","0","--","--","--","--"," ","0","39.82","1","40.07","10","0.00"
="0059  ","富邦金融        ","1000","1","34440","34.44","34.44","34.44","34.44"," ","0","34.3","1","34.44","1","0.00"
="0061  ","元大寶滬深      ","967200","264","15328696","15.82","15.9","15.82","15.84"," ","0","15.84","112","15.85","10","0.00"
="006203","元大MSCI台灣    ","0","0","0","--","--","--","--"," ","0","32.98","1","33.28","1","0.00"
="006204","永豐臺灣加權    ","0","0","0","--","--","--","--"," ","0","45.63","15","45.72","1","0.00"
="006205","富邦上証        ","1818572","354","49096826","27.03","27.07","26.96","27","-","0.03","27","43","27.02","23","0.00"
="006206","元大上證50      ","1614000","154","41947080","26.02","26.08","25.95","25.98","+","0.12","25.97","55","25.98","4,356","0.00"
="006207","FH滬深          ","559000","80","11250620","20.1","20.18","20.06","20.13","+","0.04","20.09","99","20.13","35","0.00"
="006208","富邦台50        ","1000","1","40600","40.6","40.6","40.6","40.6","X","0","40.6","1","40.75","1","0.00"
="00625K","富邦上証+R      ","200000","4","1177000","5.89","5.89","5.88","5.88","+","0.01","5.88","80","5.95","50","0.00"
="00631L","元大台灣50正2   ","6294000","1236","157407290","24.95","25.15","24.87","25.01","+","0.31","25.01","546","25.02","14","0.00"
="00632R","元大台灣50反1   ","60035688","5365","966928758","16.13","16.16","16.06","16.11","-","0.1","16.1","4,005","16.11","2,536","0.00"
="00633L","富邦上証正2     ","19079130","3057","627577262","32.87","33.09","32.75","32.87","-","0.01","32.87","564","32.88","38","0.00"
="00634R","富邦上証反1     ","1316000","114","12531290","9.53","9.56","9.5","9.5","-","0.03","9.5","58","9.51","50","0.00"
="00635U","元大S&P黃金     ","6635752","1335","124463168","18.73","18.79","18.71","18.78","+","0.21","18.78","180","18.79","186","0.00"
="00636 ","國泰中國A50     ","1255000","100","20365600","16.22","16.27","16.19","16.21","-","0.01","16.2","230","16.21","3","0.00"
="00637L","元大滬深300正2  ","39472350","3535","483111912","12.19","12.31","12.18","12.25","+","0.01","12.25","290","12.26","167","0.00"
="00638R","元大滬深300反1  ","22000","13","405750","18.48","18.51","18.41","18.46","+","0.02","18.41","18","18.44","101","0.00"
="00639 ","富邦深100       ","6170000","645","57878290","9.39","9.43","9.35","9.35","-","0.04","9.35","479","9.36","20","0.00"
="00640L","富邦日本正2     ","1547000","230","27483030","17.72","17.97","17.63","17.92","+","0.06","17.92","135","17.93","6","0.00"
="00641R","富邦日本反1     ","2336000","350","41918050","18","18.04","17.86","17.86","-","0.06","17.86","7","17.88","111","0.00"
="00642U","元大S&P石油     ","7069264","976","140613571","19.89","19.93","19.85","19.9","+","0.06","19.9","34","19.91","9","0.00"
="00643 ","群益深証中小    ","1749300","220","24153650","13.82","13.84","13.79","13.8"," ","0","13.79","235","13.8","142","0.00"
="00643K","群益深証中小+R  ","100000","2","295000","2.95","2.95","2.95","2.95","+","0.02","2.94","50","2.99","50","0.00"
="00645 ","富邦日本        ","98000","16","1892930","19.27","19.38","19.2","19.38","+","0.03","19.35","54","19.39","65","0.00"
="00646 ","元大S&P500      ","135000","19","2907450","21.54","21.6","21.49","21.6","+","0.08","21.6","5","21.63","1","0.00"
="00647L","元大S&P500正2   ","0","0","0","--","--","--","--"," ","0","23.53","1","23.6","3","0.00"
="00648R","元大S&P500反1   ","903000","164","15719030","17.42","17.43","17.38","17.38","-","0.05","17.37","16","17.38","82","0.00"
="00649 ","FH香港          ","203000","20","3395180","16.62","16.78","16.62","16.78","+","0.23","16.78","51","16.79","2","0.00"
="00650L","FH香港正2       ","1075000","284","20780970","19.03","19.47","19.03","19.47","+","0.53","19.47","8","19.48","3","0.00"
="00651R","FH香港反1       ","1004000","55","12269800","12.4","12.4","12.17","12.17","-","0.2","12.17","2","12.2","57","0.00"
="00652 ","富邦印度        ","618000","116","12024750","19.38","19.52","19.38","19.47","+","0.21","19.47","4","19.48","9","0.00"
="00653L","富邦印度正2     ","3652000","838","72131980","19.61","19.86","19.57","19.83","+","0.34","19.82","131","19.83","15","0.00"
="00654R","富邦印度反1     ","578000","85","10938240","19.01","19.02","18.87","18.93","-","0.21","18.87","50","18.93","11","0.00"
="00655L","國泰中國A50正2  ","1456000","424","33297840","22.76","22.98","22.76","22.89","+","0.07","22.89","92","22.9","6","0.00"
="00656R","國泰中國A50反1  ","24000","4","422780","17.62","17.62","17.58","17.6","+","0.01","17.58","70","17.6","220","0.00"
="00657 ","國泰日經225     ","123000","8","2835240","22.97","23.14","22.93","23.1","+","0.04","23.12","52","23.15","20","0.00"
="00658L","國泰日本正2     ","72000","10","1892940","26.18","26.51","26.14","26.51","-","0.08","26.61","8","26.63","52","0.00"
="00659R","國泰日本反1     ","516000","64","8317390","16.16","16.17","16.03","16.04","-","0.01","16.02","12","16.04","32","0.00"
="00660 ","元大歐洲50      ","10000","1","222700","22.27","22.27","22.27","22.27","+","0.05","22.27","100","22.3","2","0.00"
="00661 ","元大日經225     ","59000","8","1398530","23.68","23.85","23.68","23.85","+","0.13","23.84","50","23.92","50","0.00"
="00662 ","富邦NASDAQ      ","163000","13","3554760","21.83","21.83","21.79","21.81","-","0.03","21.86","15","21.87","1","0.00"
="00663L","國泰臺灣加權正2 ","2824000","196","65182170","23.04","23.25","22.98","23.16","+","0.39","23.16","87","23.17","184","0.00"
="00664R","國泰臺灣加權反1 ","6103000","626","111107160","18.23","18.26","18.15","18.18","-","0.15","18.18","220","18.19","373","0.00"
="00665L","富邦H股正2      ","3298000","626","70148650","20.88","21.39","20.88","21.39","+","0.6","21.39","1","21.4","73","0.00"
="00666R","富邦H股反1      ","1106000","48","20781910","18.88","18.9","18.76","18.76","-","0.3","18.74","20","18.77","30","0.00"
="00667 ","元大韓國        ","11000","2","207460","18.86","18.86","18.86","18.86","+","0.06","18.82","1","18.86","17","0.00"
="00668 ","國泰美國道瓊    ","1055000","65","23325210","22.13","22.16","22.07","22.16"," ","0","22.15","10","22.16","50","0.00"
="00669R","國泰美國道瓊反1 ","2019000","157","36582500","18.14","18.14","18.1","18.11","-","0.03","18.1","3","18.11","84","0.00"
="00672L","元大S&P原油正2  ","6663000","733","138622750","20.85","20.87","20.7","20.8","+","0.18","20.8","26","20.81","13","0.00"
="00673R","元大S&P原油反1  ","1574000","214","29727450","18.96","18.96","18.87","18.88","-","0.09","18.87","183","18.88","42","0.00"
="00674R","元大S&P黃金反1  ","671000","40","14567980","21.76","21.76","21.66","21.71","-","0.24","21.71","1","21.72","5","0.00"
="00675L","富邦臺灣加權正2 ","8618000","584","86302300","9.99","10.08","9.96","10.04","+","0.16","10.03","853","10.04","174","0.00"
="00676R","富邦臺灣加權反1 ","11793000","512","116340730","9.88","9.89","9.83","9.86","-","0.08","9.85","100","9.86","1,284","0.00"
="00677U","富邦VIX         ","3834000","812","76647710","19.99","20.02","19.93","19.93","-","0.09","19.93","44","19.94","100","0.00"
="008201","BP上證50        ","0","0","0","--","--","--","--"," ","0","81.5","3","82.4","1","0.00"
="01001T","土銀富邦R1      ","58000","8","874940","15.09","15.09","15.05","15.05","-","0.04","15.04","2","15.05","3","0.00"
="01002T","土銀國泰R1      ","68000","16","1098080","16.09","16.2","16.09","16.15"," ","0","16.09","8","16.15","175","0.00"
="01003T","兆豐新光R1      ","200000","39","2814730","14","14.1","14","14.1","+","0.1","14.05","50","14.1","189","0.00"
="01004T","土銀富邦R2      ","27100","11","362840","13.39","13.4","13.38","13.4","+","0.01","13.37","2","13.4","3","0.00"
="01007T","兆豐國泰R2      ","22000","5","327090","15","15","14.74","14.74","X","0","14.75","2","14.88","2","0.00"
"1101  ","台泥            ","6121039","2939","213121341","34.5","35.15","34.3","35.15","+","0.95","35.1","2","35.15","54","20.56"
"1102  ","亞泥            ","3347703","1227","88078680","26.45","26.45","26.2","26.35","+","0.15","26.3","711","26.35","378","31.75"
"1103  ","嘉泥            ","0","0","0","--","--","--","--"," ","0","--","","--","","11.19"
"1104  ","環泥            ","141830","115","3492422","24.25","24.65","24.25","24.65","+","0.15","24.55","1","24.65","48","9.27"
"1108  ","幸福            ","90000","33","822560","9.12","9.18","9.1","9.12"," ","0","9.14","4","9.16","3","10.99"
"1109  ","信大            ","20082","11","200751","9.99","10","9.96","10","+","0.01","10","4","10.05","3","27.78"
"1110  ","東泥            ","254499","54","4048283","15.6","16","15.55","16","+","0.2","15.9","26","16","46","61.54"
"1201  ","味全            ","366571","172","6405916","17.35","17.55","17.35","17.5","+","0.15","17.5","7","17.55","125","0.00"
"1203  ","味王            ","11892","15","272519","22.9","23","22.9","23"," ","0","23","1","23.05","1","21.9"
"1210  ","大成            ","2313409","1258","67058611","28.85","29.2","28.75","29.1","+","0.5","29.1","31","29.15","187","12.54"
"1213  ","大飲            ","13000","9","216950","16.6","16.9","16.6","16.8"," ","0","16.75","2","16.8","3","152.73"
"1215  ","卜蜂            ","1461651","927","65605837","44.75","45.2","44.65","44.85","+","0.3","44.85","40","44.9","44","11.27"
"1216  ","統一            ","5502590","2482","293843151","53","53.6","53","53.4","+","0.6","53.3","1,054","53.4","158","20.54"
"1217  ","愛之味          ","464896","161","3420811","7.26","7.42","7.26","7.42","+","0.17","7.33","50","7.42","15","0.00"
"1218  ","泰山            ","493941","199","7328222","14.75","14.95","14.75","14.9","+","0.15","14.85","28","14.9","18","15.85"
"1219  ","福壽            ","14502","19","229105","15.75","15.9","15.75","15.9","+","0.15","15.75","3","15.9","3","28.91"
"1220  ","台榮            ","87062","20","949118","10.9","10.95","10.85","10.9"," ","0","10.85","10","10.95","9","11.98"
"1225  ","福懋油          ","24985","23","1196132","46","48.05","46","48","-","0.5","47.9","1","48","2","14.24"
"1227  ","佳格            ","592287","503","45298133","75.4","76.9","75.4","76.6","+","1.4","76.4","38","76.6","23","26.78"
"1229  ","聯華            ","1034892","411","22827955","22.1","22.15","22","22.05","-","0.05","22.05","9","22.1","63","11.54"
"1231  ","聯華食          ","50439","38","1566009","31.1","31.1","31","31.1","+","0.1","31.05","3","31.1","1","11.19"
"1232  ","大統益          ","85695","76","7208399","84.2","84.5","84","84.1","+","0.4","84","9","84.1","39","15.78"
"1233  ","天仁            ","12000","10","441350","36.6","37","36.6","36.75","+","0.15","36.75","1","36.9","1","17.01"
"1234  ","黑松            ","96163","59","3106212","32.35","32.4","32.2","32.3","-","0.05","32.25","1","32.3","3","12.33"
"1235  ","興泰            ","41064","27","1213334","29.55","29.6","29.5","29.55"," ","0","29.45","4","29.55","4","5.98"
"1236  ","宏亞            ","5001","5","92018","18.4","18.4","18.4","18.4"," ","0","18.3","3","18.4","2","38.33"
"1256  ","鮮活果汁-KY     ","27000","20","3315500","123","123.5","121","122.5","-","0.5","122.5","1","123.5","2","15.33"
"1262  ","綠悅-KY         ","249344","186","36224380","144.5","146.5","144.5","145.5","+","1","145","17","145.5","20","12.72"
"1301  ","台塑            ","5826659","2424","518721894","88.8","89.2","88.2","89.2","+","1.8","89.1","5","89.2","860","17.12"
"1303  ","南亞            ","5557341","2077","397336811","71.9","71.9","71.2","71.2","+","0.2","71.2","578","71.3","63","20.64"
"1304  ","台聚            ","1842898","725","29247520","15.9","16","15.8","15.85","+","0.05","15.85","663","15.9","4","13.32"
"1305  ","華夏            ","3077257","1180","73285638","23.95","23.95","23.4","23.95","+","0.25","23.9","20","23.95","19","10.06"
"1307  ","三芳            ","60429","64","2134327","35.15","35.5","35.15","35.35","+","0.2","35.35","4","35.45","5","11.71"
"1308  ","亞聚            ","441400","205","8386064","19","19.1","18.9","19.05","+","0.1","19.05","11","19.1","22","16.71"
"1309  ","台達化          ","1918411","541","19652720","10.1","10.5","10","10.45","+","0.35","10.45","15","10.5","47","0.00"
"1310  ","台苯            ","4442360","1266","87726547","19.65","19.95","19.5","19.95","+","0.3","19.9","4","19.95","22","9.45"
"1312  ","國喬            ","4884313","1984","101666173","20.8","21","20.6","21","+","0.45","20.95","43","21","311","11.73"
"1312A ","國喬特          ","2000","2","52000","26","26","26","26"," ","0","25.85","1","26.1","5","0.00"
"1313  ","聯成            ","1000897","351","12496960","12.45","12.55","12.4","12.5","+","0.1","12.5","47","12.55","92","138.89"
"1314  ","中石化          ","9993867","2247","99280069","9.99","9.99","9.89","9.9","+","0.01","9.9","470","9.91","58","0.00"
"1315  ","達新            ","6195","6","157033","25.25","25.45","25.25","25.45","+","0.3","25.35","3","25.45","1","19.14"
"1316  ","上曜            ","37100","19","395709","10.6","10.7","10.6","10.7","+","0.1","10.65","18","10.7","6","0.00"
"1319  ","東陽            ","3877225","2168","246092682","63","63.8","62.6","63.5","+","1","63.5","154","63.6","13","15.95"
"1321  ","大洋            ","52214","31","1292514","25","25","24.65","24.75"," ","0","24.7","5","24.75","7","309.38"
"1323  ","永裕            ","79157","66","2674706","33.7","34","33.7","33.8","+","0.1","33.75","7","33.8","1","10.27"
"1324  ","地球            ","81002","29","1041826","13","13.05","12.8","13.05","+","0.05","12.9","4","13.05","1","15.17"
"1325  ","恆大            ","14701","13","308529","21","21.05","21","21.05"," ","0","21","30","21.05","13","20.24"
"1326  ","台化            ","6824064","3326","654917512","95.8","96.9","95.1","96.3","+","1.6","96.3","279","96.4","33","13.7"
"1337  ","再生-KY         ","6399790","575","108424179","17.4","17.55","17.35","17.5","+","0.15","17.5","3","17.55","76","8.03"
"1338  ","廣華-KY         ","139006","101","13053514","93.7","94.2","93.7","93.8","+","0.1","93.8","9","93.9","5","11.5"
"1339  ","昭輝            ","25000","22","932600","37.1","37.4","37.1","37.3","+","0.45","37.3","1","37.45","1","12.07"
"1340  ","勝悅-KY         ","108400","81","5898180","54.5","54.6","54.3","54.4","+","0.1","54.4","22","54.5","10","6.79"
"1402  ","遠東新          ","3281892","1129","79365738","24.15","24.3","24","24.2","+","0.3","24.2","77","24.25","106","26.89"
"1409  ","新纖            ","460309","279","4163848","9.01","9.09","9","9.05","+","0.05","9.05","4","9.07","2","28.28"
"1410  ","南染            ","14104","12","344841","24.45","24.45","24.45","24.45"," ","0","24.25","4","24.5","11","15.98"
"1413  ","宏洲            ","81008","17","448734","5.52","5.59","5.51","5.59","+","0.04","5.53","3","5.6","5","0.00"
"1414  ","東和            ","124427","47","755392","6.1","6.1","6.03","6.09","+","0.03","6.05","4","6.09","7","152.25"
"1416  ","廣豐            ","252100","95","6403929","25.35","25.5","25.25","25.45","+","0.2","25.45","10","25.5","92","4.32"
"1417  ","嘉裕            ","293583","126","1505721","5.16","5.16","5.1","5.13","-","0.03","5.13","8","5.15","13","0.00"
"1418  ","東華            ","31002","9","189260","6","6.18","6","6.18","-","0.02","5.88","10","6.18","10","0.00"
"1419  ","新紡            ","69765","21","2770017","39.9","40.2","39.6","39.6","-","0.2","39.6","3","40","4","96.59"
"1423  ","利華            ","202720","27","1384935","6.85","6.87","6.8","6.83","-","0.02","6.81","5","6.83","11","0.00"
"1432  ","大魯閣          ","243601","83","3980785","16.3","16.4","16.25","16.3","+","0.1","16.3","11","16.35","13","0.00"
"1434  ","福懋            ","653848","446","19204743","29","29.5","29","29.5","+","0.6","29.45","11","29.5","52","13.35"
"1435  ","中福            ","48969","20","203668","4.16","4.21","4.14","4.21","+","0.01","4.16","5","4.21","9","0.00"
"1436  ","華友聯          ","20132","11","792516","39.3","39.4","39.3","39.4","+","0.3","39.15","1","39.25","1","74.34"
"1437  ","勤益控          ","110563","54","1822061","16.55","16.55","16.4","16.55","+","0.05","16.5","14","16.55","28","8.76"
"1438  ","裕豐            ","0","0","0","--","--","--","--"," ","0","3.94","3","4.18","1","0.00"
"1439  ","中和            ","403030","132","6337172","15.3","16.25","15.3","15.75","+","0.35","15.75","3","15.8","20","0.00"
"1440  ","南紡            ","727153","413","8865555","12.25","12.3","12.1","12.2","+","0.05","12.15","226","12.25","29","30.5"
"1441  ","大東            ","16072","11","101055","6.31","6.31","6.26","6.28","+","0.02","6.26","1","6.28","2","0.00"
"1442  ","名軒            ","121121","46","2134115","17.6","17.7","17.6","17.7","+","0.1","17.65","29","17.7","1","7.17"
"1443  ","立益            ","1007","4","4500","4.47","4.47","4.47","4.47"," ","0","4.47","1","4.48","1","0.00"
"1444  ","力麗            ","526336","201","4330703","8.31","8.31","8.18","8.24","-","0.03","8.23","10","8.24","1","0.00"
"1445  ","大宇            ","683001","50","6137949","8.9","9.07","8.9","9.04","+","0.09","8.98","1","9.04","8","17.38"
"1446  ","宏和            ","370000","135","6629500","17.4","18.2","17.4","17.9","+","0.6","17.9","1","18","17","179"
"1447  ","力鵬            ","583475","239","4738508","8.15","8.18","8.1","8.13","+","0.03","8.13","18","8.14","33","0.00"
"1449  ","佳和            ","46004","19","187956","4.2","4.2","4.05","4.1","-","0.1","4.07","5","4.1","2","0.00"
"1451  ","年興            ","127109","96","3076436","24.1","24.25","24.1","24.25","+","0.15","24.25","1","24.3","25","11.23"
"1452  ","宏益            ","688002","336","14062542","20.3","20.6","20.25","20.5","+","0.3","20.45","28","20.55","19","15.3"
"1453  ","大將            ","8000","7","63310","7.91","8","7.89","7.89","-","0.13","7.86","4","7.89","2","0.00"
"1454  ","台富            ","94002","17","798056","8.48","8.54","8.47","8.52","+","0.01","8.46","2","8.52","29","17.75"
"1455  ","集盛            ","1680051","545","15522908","9.23","9.31","9.19","9.28","+","0.07","9.28","52","9.29","3","48.84"
"1456  ","怡華            ","1722","3","14210","8.5","8.5","8.5","8.5"," ","0","8.21","1","8.47","1","5.67"
"1457  ","宜進            ","458445","150","4596800","10.05","10.1","10","10.05","+","0.05","10","85","10.05","5","32.42"
"1459  ","聯發            ","114328","41","967658","8.5","8.5","8.44","8.46","+","0.07","8.46","2","8.48","2","0.00"
"1460  ","宏遠            ","692092","250","11756873","16.95","17.1","16.85","17","+","0.15","17","11","17.05","188","15.18"
"1463  ","強盛            ","11685343","4077","253645402","21.5","22.5","21.1","21.2","+","0.45","21.2","9","21.25","7","25.85"
"1464  ","得力            ","528714","327","13735886","26.05","26.2","25.85","25.85","-","0.2","25.85","31","25.9","2","20.2"
"1465  ","偉全            ","63000","12","794400","12.75","12.75","12.5","12.65","+","0.05","12.6","10","12.65","5","24.8"
"1466  ","聚隆            ","44020","46","606061","13.8","14","13.4","13.65","-","0.15","13.65","2","13.75","4","0.00"
"1467  ","南緯            ","598000","183","6179250","10.35","10.45","10.25","10.3","+","0.05","10.25","97","10.3","26","60.59"
"1468  ","昶和            ","24000","9","237740","9.88","9.99","9.88","9.89","+","0.08","9.88","1","9.99","1","0.00"
"1469  ","理隆            ","0","0","0","--","--","--","--"," ","0","13.5","2","13.6","6","0.00"
"1470  ","大統染          ","3000","2","56950","18.95","19","18.95","19","X","0","18.4","1","19.1","3","32.76"
"1471  ","首利            ","403172","115","1808675","4.4","4.58","4.4","4.46","+","0.07","4.45","10","4.46","27","0.00"
"1472  ","三洋紡          ","55001","38","652561","11.8","12","11.75","11.9","+","0.05","11.9","7","11.95","1","22.88"
"1473  ","台南            ","78100","52","2335150","29.5","30","29.5","29.75","+","0.1","29.75","10","29.9","4","15.66"
"1474  ","弘裕            ","263206","97","2960367","11.2","11.35","11.2","11.25","+","0.05","11.2","33","11.25","1","15.2"
"1475  ","本盟            ","9000","7","68700","7.61","7.7","7.61","7.7","-","0.24","7.72","2","7.88","2","4.67"
"1476  ","儒鴻            ","530086","430","179048310","334","339.5","333.5","337.5","+","4","337","19","337.5","11","25.96"
"1477  ","聚陽            ","703079","604","87203328","124.5","124.5","123.5","124","+","0.5","124","34","124.5","71","14.44"
"1503  ","士電            ","130914","81","5296286","40.3","40.6","40.3","40.5","+","0.5","40.4","8","40.5","20","15.58"
"1504  ","東元            ","1727072","976","48098147","27.75","27.95","27.65","27.9","+","0.4","27.75","27","27.9","55","17.33"
"1506  ","正道            ","49030","29","710130","14.4","14.55","14.4","14.55","+","0.15","14.45","1","14.55","13","121.25"
"1507  ","永大            ","216692","186","9684477","44.4","44.95","44.4","44.85","+","0.35","44.8","2","44.85","7","10.97"
"1512  ","瑞利            ","3270501","722","19520609","6.2","6.21","5.71","5.97","-","0.14","5.97","94","5.99","38","0.00"
"1513  ","中興電          ","915020","439","17682280","19.4","19.4","19.2","19.35","+","0.05","19.35","17","19.4","20","16.13"
"1514  ","亞力            ","1375444","413","13218511","9.63","9.67","9.53","9.61","+","0.01","9.55","5","9.61","38","16.86"
"1515  ","力山            ","1021000","378","15171400","15.05","15.05","14.65","15.05","-","0.05","14.9","5","15.05","5","27.36"
"1516  ","川飛            ","6272","12","105817","16.8","17.1","16.8","16.95","+","0.2","16.8","1","17","7","38.52"
"1517  ","利奇            ","68301","38","705614","10.35","10.4","10.3","10.4","+","0.05","10.35","6","10.4","16","45.22"
"1519  ","華城            ","258723","106","4639254","17.85","18","17.85","17.9","+","0.05","17.9","21","17.95","2","14.44"
"1521  ","大億            ","87147","59","7144256","81.1","82.6","80.8","82.6","+","1.5","82","3","82.6","2","14.75"
"1522  ","堤維西          ","1974791","1066","70797302","35.75","36.1","35.55","36","+","0.4","35.95","4","36","18","11.39"
"1524  ","耿鼎            ","597203","208","6646752","11.2","11.2","11.05","11.1"," ","0","11.1","1","11.15","19","9.91"
"1525  ","江申            ","56200","53","6315700","113.5","113.5","112","112"," ","0","112","8","113","12","14.83"
"1526  ","日馳            ","63791","30","943476","14.75","14.9","14.75","14.8"," ","0","14.8","4","14.9","9","13.7"
"1527  ","鑽全            ","2199795","1626","206267135","94","95","92.5","93.5","+","1.2","93.4","36","93.5","2","15.66"
"1528  ","恩德            ","136000","57","1349060","9.9","9.95","9.9","9.92","-","0.01","9.92","15","9.95","14","165.33"
"1529  ","樂士            ","5000","3","16570","3.3","3.37","3.3","3.37","+","0.07","3.31","3","3.37","5","0.00"
"1530  ","亞崴            ","10150","10","286244","28.2","28.2","28.2","28.2","+","0.15","28","10","28.2","1","22.03"
"1531  ","高林股          ","62130","10","987854","15.95","15.95","15.85","15.9","+","0.05","15.85","5","15.95","10","36.14"
"1532  ","勤美            ","297008","146","9451503","31.5","32.05","31.5","31.9","+","0.35","31.85","4","31.95","14","11.52"
"1533  ","車王電          ","314560","228","13452220","43","43.6","42.4","42.4","-","0.3","42.4","27","42.5","4","41.98"
"1535  ","中宇            ","65000","54","2989500","46","46.25","45.85","45.9","+","0.65","45.85","5","46","2","17.45"
"1536  ","和大            ","1376816","667","172949500","126.5","127","125","125","-","1.5","125","113","125.5","1","27.06"
"1537  ","廣隆            ","129004","95","20280633","156","157.5","156","157.5","+","0.5","157.5","1","158","28","15.01"
"1538  ","正峰新          ","170002","54","988070","5.82","5.83","5.8","5.81","-","0.01","5.81","2","5.85","5","0.00"
"1539  ","巨庭            ","590000","318","16947500","28.5","29.15","28.45","28.5","+","0.1","28.5","13","28.6","2","13.64"
"1540  ","喬福            ","153251","58","1946724","12.7","12.9","12.6","12.75","+","0.05","12.7","2","12.75","1","0.00"
"1541  ","錩泰            ","329110","236","17491675","52.5","53.7","52.5","53","+","0.8","53","4","53.1","1","14.4"
"1558  ","伸興            ","72157","62","11587463","160.5","161","160","160.5","+","0.5","160","2","160.5","4","12.45"
"1560  ","中砂            ","4499014","2778","285168384","61.4","64.5","61.1","64.4","+","3.3","64.3","30","64.4","304","19.28"
"1568  ","倉佑            ","285000","179","9382000","32.9","33.1","32.7","33.05","+","0.15","33","1","33.1","14","21.6"
"1582  ","信錦            ","558230","385","34884790","62.5","63","62","63","+","0.5","62.8","2","63","26","11.25"
"1583  ","程泰            ","5067","5","279185","55.1","55.1","55.1","55.1"," ","0","54.2","2","55.1","5","23.35"
"1589  ","永冠-KY         ","526701","435","54535703","104.5","104.5","103","103","-","0.5","103","31","103.5","11","9.99"
"1590  ","亞德客-KY       ","484570","364","123547990","249","258","249","257","+","8.5","256.5","1","257","5","24.29"
"1592  ","英瑞-KY         ","484022","368","25836273","54","54.3","52.8","53.4","-","0.1","53.3","2","53.4","1","13.8"
"1598  ","岱宇            ","116745","100","4792333","40.8","41.5","40.8","40.85","+","0.3","40.85","3","41","8","10.37"
"1603  ","華電            ","1049118","395","23733597","22.4","22.85","22.2","22.8","+","0.75","22.7","1","22.8","3","7.02"
"1604  ","聲寶            ","691659","347","12586737","18.15","18.3","18","18.3","+","0.15","18.2","19","18.3","52","11.37"
"1605  ","華新            ","3273662","1027","38671352","11.9","11.9","11.75","11.85","+","0.1","11.8","32","11.85","136","10.39"
"1608  ","華榮            ","479432","96","3975052","8.28","8.34","8.24","8.31","+","0.03","8.3","54","8.32","2","26.81"
"1609  ","大亞            ","641047","154","3507787","5.47","5.51","5.45","5.47"," ","0","5.46","61","5.47","22","0.00"
"1611  ","中電            ","143240","60","1065302","7.41","7.48","7.41","7.45","+","0.01","7.43","13","7.45","6","0.00"
"1612  ","宏泰            ","48107","31","424769","8.81","8.9","8.81","8.83"," ","0","8.82","18","8.83","5","36.79"
"1613  ","台一            ","67050","21","159141","2.25","2.45","2.25","2.44","+","0.04","2.35","5","2.44","7","0.00"
"1614  ","三洋電          ","59050","17","1427260","24.1","24.25","24.1","24.2"," ","0","24.15","6","24.2","3","17.79"
"1615  ","大山            ","13001","9","132260","10.15","10.25","10.15","10.2","+","0.05","10.15","2","10.25","2","24.29"
"1616  ","億泰            ","136000","32","687190","5.06","5.06","5.04","5.06"," ","0","5.03","13","5.06","1","46"
"1617  ","榮星            ","28000","16","212640","7.6","7.62","7.56","7.6"," ","0","7.6","23","7.62","2","20.54"
"1618  ","合機            ","173580","47","1439656","8.26","8.34","8.23","8.29","+","0.01","8.29","10","8.34","2","11.36"
"1626  ","艾美特-KY       ","70000","38","1841350","26.5","26.65","26.15","26.15","-","0.4","26.15","2","26.3","9","30.06"
"1701  ","中化            ","119068","66","2164583","18.1","18.25","18.1","18.2","+","0.1","18.15","19","18.2","3","17.33"
"1702  ","南僑            ","627626","393","38376434","61.1","61.4","61","61.1"," ","0","61.1","20","61.2","4","12.34"
"1704  ","榮化            ","2649612","1337","117394432","43.85","44.7","43.8","44.5","+","0.45","44.5","29","44.55","37","9.14"
"1707  ","葡萄王          ","15053108","9165","2867541726","198","202","187","187","-","20.5","187","703","187.5","14","20.55"
"1708  ","東鹼            ","160165","111","4278092","26.6","26.8","26.6","26.65","+","0.05","26.65","16","26.8","22","38.07"
"1709  ","和益            ","295572","107","4995342","16.9","16.95","16.85","16.95","+","0.1","16.9","93","16.95","174","10.03"
"1710  ","東聯            ","2152559","824","49895274","23","23.45","23","23.1","+","0.1","23.1","4","23.15","24","0.00"
"1711  ","永光            ","343892","191","6935575","20.25","20.25","20.1","20.15","+","0.05","20.15","10","20.2","7","20.15"
"1712  ","興農            ","348263","114","5325453","15.3","15.3","15.25","15.3"," ","0","15.25","147","15.3","3","8.95"
"1713  ","國化            ","48103","15","711845","14.8","14.9","14.75","14.9"," ","0","14.85","1","14.9","1","26.61"
"1714  ","和桐            ","1089573","328","9031702","8.32","8.33","8.24","8.29","+","0.05","8.29","25","8.3","30","103.63"
"1715  ","萬洲            ","1171103","201","13196193","11.2","11.4","11.1","11.1","-","0.05","11.1","39","11.15","18","0.00"
"1717  ","長興            ","666863","433","22010576","32.9","33.1","32.8","32.95","+","0.05","32.95","7","33","74","11.9"
"1718  ","中纖            ","2335988","677","19995375","8.57","8.59","8.53","8.54"," ","0","8.54","43","8.55","6","0.00"
"1720  ","生達            ","131091","105","4264796","32.5","32.6","32.35","32.6","+","0.15","32.5","15","32.6","37","17.25"
"1721  ","三晃            ","178001","77","2653915","14.9","15","14.85","14.9","+","0.1","14.85","17","14.9","3","23.65"
"1722  ","台肥            ","957358","540","38521109","40","40.4","40","40.15","+","0.2","40.15","23","40.2","6","24.63"
"1723  ","中碳            ","725772","598","86480596","118.5","120","118.5","119","+","2","119","6","119.5","39","29.82"
"1724  ","台硝            ","70000","34","1160600","16.6","16.7","16.5","16.7","+","0.2","16.5","8","16.7","3","8.03"
"1725  ","元禎            ","238000","22","3292500","14","14","13.75","13.8","-","0.05","13.75","6","13.85","10","13.14"
"1726  ","永記            ","86442","77","6852237","78.8","80","78.8","80","+","1.3","79.9","4","80.1","2","12.86"
"1727  ","中華化          ","29790","20","388170","13.2","13.2","12.95","13.1"," ","0","13","3","13.1","5","15.98"
"1729  ","必翔            ","95600","80","5980820","62","63","62","62.7","+","0.7","62.7","2","62.8","14","0.00"
"1730  ","花仙子          ","51150","31","1948694","38.05","38.2","38.05","38.1","+","0.05","38.05","12","38.15","1","12.62"
"1731  ","美吾華          ","255867","84","3505231","13.65","13.75","13.6","13.7","+","0.05","13.7","11","13.75","6","21.41"
"1732  ","毛寶            ","100000","43","1345650","13.55","13.55","13.4","13.45","-","0.1","13.45","8","13.5","1","0.00"
"1733  ","五鼎            ","93151","74","3848184","41.3","41.55","41.2","41.3"," ","0","41.2","5","41.3","6","19.76"
"1734  ","杏輝            ","91456","93","2210153","24.25","24.3","24.1","24.15","+","0.05","24.15","6","24.2","5","96.6"
"1735  ","日勝化          ","47000","19","581000","12.3","12.45","12.3","12.35","+","0.05","12.35","5","12.45","19","13"
"1736  ","喬山            ","95030","65","4405387","46.8","46.8","46.2","46.45","+","0.1","46.3","13","46.5","4","19.85"
"1737  ","臺鹽            ","184436","130","5411566","29.35","29.45","29.3","29.3","-","0.15","29.3","9","29.4","1","18.43"
"1762  ","中化生          ","208003","152","5627587","27","27.25","26.9","27.05","+","0.3","27","7","27.1","1","22.36"
"1773  ","勝一            ","32370","32","1732231","53.3","53.8","53.1","53.5","+","0.2","53.4","10","53.9","2","10.94"
"1776  ","展宇            ","20000","16","432500","21.55","21.95","21.5","21.55"," ","0","21.55","4","21.65","9","11.59"
"1783  ","和康生          ","96001","62","2274973","23.6","23.75","23.6","23.7","+","0.1","23.7","6","23.75","3","0.00"
"1786  ","科妍            ","53003","42","2993168","57","57","56.2","56.2","-","0.2","56.1","1","56.4","1","0.00"
"1789  ","神隆            ","495703","376","19162558","38.6","38.8","38.55","38.65","+","0.2","38.65","12","38.7","40","41.56"
"1802  ","台玻            ","1096196","406","14614092","13.2","13.4","13.2","13.3","+","0.05","13.3","311","13.35","16","0.00"
"1805  ","寶徠            ","21000","6","116200","5.7","5.7","5.5","5.65","X","0","5.48","1","5.66","2","4.38"
"1806  ","冠軍            ","487501","145","3416207","6.98","7.03","6.95","7.02","+","0.04","6.97","14","7.02","1","0.00"
"1808  ","潤隆            ","247136","142","7992942","32.05","32.5","32.05","32.4","+","0.45","32.4","1","32.45","15","8.8"
"1809  ","中釉            ","331499","106","4046708","12.2","12.25","12.15","12.2"," ","0","12.2","6","12.25","35","16.27"
"1810  ","和成            ","4277812","1106","40030134","9.01","9.54","9.01","9.4","+","0.39","9.4","40","9.41","60","10.93"
"1817  ","凱撒衛          ","95600","49","3509558","36.9","37.4","36.5","37.4","+","0.5","36.85","1","37.4","2","11.44"
"1902  ","台紙            ","132420","40","1478982","11.2","11.25","11.1","11.2"," ","0","11.1","31","11.2","13","43.08"
"1903  ","士紙            ","85003","81","2763145","32.3","32.8","31.95","32.7","+","0.6","32.45","8","32.7","2","0.00"
"1904  ","正隆            ","2625011","778","34113864","13.05","13.1","12.9","12.95","+","0.05","12.95","19","13","53","12.95"
"1905  ","華紙            ","868323","399","7969130","9.16","9.21","9.13","9.21","+","0.08","9.19","4","9.21","113","23.62"
"1906  ","寶隆            ","5488140","1636","94313672","17","17.55","16.7","17.2","+","0.45","17.2","7","17.25","10","24.57"
"1907  ","永豐餘          ","1257954","492","12149476","9.65","9.68","9.63","9.68","+","0.06","9.66","109","9.68","117","322.67"
"1909  ","榮成            ","4855314","1711","78844392","16.1","16.35","16.05","16.35","+","0.3","16.3","182","16.35","320","12.02"
"2002  ","中鋼            ","8674738","2931","214081738","24.7","24.8","24.6","24.65","+","0.15","24.6","770","24.65","263","34.72"
"2002A ","中鋼特          ","3000","3","124900","41.6","41.65","41.6","41.65","+","0.05","41.65","1","41.7","3","0.00"
"2006  ","東和鋼鐵        ","513940","323","10863518","21.3","21.3","21.05","21.15","-","0.05","21.15","1","21.2","49","13.65"
"2007  ","燁興            ","104999","44","471784","4.51","4.57","4.47","4.48","+","0.02","4.48","10","4.51","1","0.00"
"2008  ","高興昌          ","104460","41","1100378","10.5","10.6","10.5","10.55","+","0.05","10.5","100","10.6","14","10.34"
"2009  ","第一銅          ","135499","64","993786","7.31","7.35","7.31","7.33"," ","0","7.33","8","7.34","11","0.00"
"2010  ","春源            ","218010","95","2540365","11.6","11.7","11.55","11.65","+","0.05","11.65","24","11.7","70","8.26"
"2012  ","春雨            ","57138","16","762785","13.3","13.4","13.3","13.35","+","0.05","13.35","10","13.4","20","23.02"
"2013  ","中鋼構          ","111100","69","2371400","21.4","21.5","21.25","21.35","-","0.05","21.35","3","21.4","17","36.19"
"2014  ","中鴻            ","5007617","1226","47883101","9.55","9.63","9.51","9.52","+","0.02","9.52","1","9.53","52","14.42"
"2015  ","豐興            ","228561","177","10292228","44.75","45.3","44.75","45.25","+","0.4","45.1","1","45.25","6","12.64"
"2017  ","官田鋼          ","194469","72","1656979","8.54","8.54","8.5","8.54"," ","0","8.51","43","8.54","52","42.7"
"2020  ","美亞            ","676053","152","9192867","13.6","13.7","13.5","13.65"," ","0","13.6","7","13.65","135","8.75"
"2022  ","聚亨            ","449134","104","2158961","4.79","4.86","4.79","4.84","+","0.06","4.82","31","4.84","25","0.00"
"2023  ","燁輝            ","2847166","962","32053145","11.15","11.35","11.15","11.25","+","0.1","11.25","43","11.3","626","15.63"
"2024  ","志聯            ","60622","34","509391","8.42","8.47","8.36","8.37","+","0.01","8.37","1","8.44","5","12.49"
"2025  ","千興            ","250134","40","652941","2.67","2.69","2.53","2.67","+","0.14","2.64","3","2.67","8","0.00"
"2027  ","大成鋼          ","355022","178","6252431","17.75","17.75","17.55","17.6","+","0.05","17.55","120","17.65","21","293.33"
"2028  ","威致            ","176671","58","707733","3.95","4.08","3.95","4","+","0.05","4","10","4.07","1","0.00"
"2029  ","盛餘            ","472715","281","15999867","34.05","34.05","33.65","34","+","0.3","33.9","7","34","81","10.86"
"2030  ","彰源            ","387561","140","4059932","10.5","10.55","10.35","10.45"," ","0","10.4","21","10.45","59","0.00"
"2031  ","新光鋼          ","1083026","535","23511908","21.8","21.9","21.55","21.6","-","0.1","21.6","46","21.7","19","24.83"
"2032  ","新鋼            ","120171","62","1250011","10.4","10.5","10.35","10.35"," ","0","10.35","37","10.45","18","24.64"
"2033  ","佳大            ","166268","38","1505164","9.16","9.16","9.01","9.02","-","0.11","9.01","2","9.03","15","29.1"
"2034  ","允強            ","762389","378","20683403","27","27.3","26.85","27.1","+","0.1","27.1","26","27.15","14","17.48"
"2038  ","海光            ","148000","39","997410","6.77","6.78","6.7","6.76","+","0.03","6.74","10","6.76","8","0.00"
"2049  ","上銀            ","2204052","1690","327146696","147","149.5","146.5","148","+","2","148","22","148.5","83","42.05"
"2059  ","川湖            ","358660","256","149179240","415","418","413.5","417","+","3.5","416","2","417","81","29.51"
"2062  ","橋椿            ","265000","194","10663250","40.05","40.4","40.05","40.05"," ","0","40.05","37","40.1","9","8.71"
"2069  ","運錩            ","163000","66","3640100","22.3","22.45","22.25","22.3","+","0.1","22.25","26","22.3","12","16.77"
"2101  ","南港            ","568536","307","16747222","29.45","29.7","29.3","29.4","+","0.15","29.4","73","29.5","6","21.78"
"2102  ","泰豐            ","972805","337","12679346","13.05","13.15","12.95","12.95","+","0.15","12.95","27","13","95","47.96"
"2103  ","台橡            ","1618868","1009","53255235","32.7","33.1","32.65","33.1","+","0.7","33.05","8","33.1","60","27.58"
"2104  ","中橡            ","855297","539","24318327","28.35","28.55","28.25","28.55","+","0.2","28.5","18","28.55","43","13.04"
"2105  ","正新            ","2681817","1441","162813584","60.6","60.9","60.4","60.8","+","0.5","60.7","19","60.8","114","13.85"
"2106  ","建大            ","496829","372","24041392","48.5","48.7","48.15","48.6","+","0.8","48.5","12","48.6","4","14.01"
"2107  ","厚生            ","857536","400","13762133","15.95","16.15","15.95","16","+","0.05","16","69","16.05","3","20.51"
"2108  ","南帝            ","194388","129","4247519","21.85","21.95","21.8","21.85","+","0.1","21.8","90","21.85","16","10.93"
"2109  ","華豐            ","129100","62","1399500","10.8","10.9","10.8","10.85","+","0.05","10.8","7","10.85","3","25.83"
"2114  ","鑫永銓          ","37100","28","2857040","76.2","77.7","76.2","77","+","0.8","76.3","2","77.6","1","15.49"
"2115  ","六暉-KY         ","92280","73","5129440","56.1","56.1","55.3","55.4","-","0.3","55.3","15","55.4","6","14.43"
"2201  ","裕隆            ","1608969","846","43076867","26.45","26.85","26.45","26.8","+","0.35","26.8","361","26.85","68","14.41"
"2204  ","中華            ","1128010","547","29509306","26.2","26.35","26.1","26.2"," ","0","26.2","90","26.25","512","10.69"
"2206  ","三陽工業        ","271982","158","5640375","20.8","20.8","20.65","20.7","-","0.05","20.7","3","20.8","27","0.00"
"2207  ","和泰車          ","300303","266","110374004","362","370","362","369","+","10","369","23","369.5","1","19.61"
"2208  ","台船            ","512731","286","7073932","13.9","13.95","13.7","13.8","-","0.05","13.8","9","13.85","3","0.00"
"2227  ","裕日車          ","81070","79","15896325","195.5","197","195","196.5","+","1","196","2","196.5","12","13.92"
"2228  ","劍麟            ","625570","517","100436840","158.5","163","158.5","162.5","+","5","161.5","33","162.5","1","17.84"
"2231  ","為升            ","171470","161","43181703","253","253","250.5","251.5","+","1.5","251","4","252","25","19.38"
"2236  ","百達-KY         ","42748","45","2458205","57.4","58","57","58","+","0.6","57.1","5","58","11","20.07"
"2239  ","英利-KY         ","110100","94","20326849","186","186","183.5","185"," ","0","184.5","1","185","9","11.75"
"2301  ","光寶科          ","2431832","1291","118063752","48","48.7","47.9","48.6","+","1","48.55","136","48.6","202","12.09"
"2302  ","麗正            ","127833","53","816892","6.4","6.42","6.36","6.4","-","0.01","6.37","7","6.4","9","58.18"
"2303  ","聯電            ","13585513","2425","154536507","11.3","11.4","11.3","11.4","+","0.1","11.35","1,205","11.4","4,146","15.62"
"2305  ","全友            ","2146561","595","17355512","7.98","8.2","7.98","8","+","0.06","8","14","8.02","1","2.61"
"2308  ","台達電          ","2019959","1282","320744481","158.5","159.5","157.5","159.5","+","2.5","159","81","159.5","97","21.79"
"2311  ","日月光          ","8856145","2956","292486085","33","33.15","32.9","33.05","+","0.3","33","671","33.05","797","13.55"
"2312  ","金寶            ","1754264","448","20908504","11.95","12","11.9","11.9"," ","0","11.9","85","11.95","383","12.4"
"2313  ","華通            ","4792860","1412","74376668","15.5","15.55","15.45","15.55","+","0.1","15.5","453","15.55","330","10.65"
"2314  ","台揚            ","873691","466","21688800","24.85","25.2","24.55","24.8"," ","0","24.8","32","24.9","33","35.94"
"2316  ","楠梓電          ","492529","251","8764612","17.85","17.9","17.75","17.8","+","0.05","17.8","47","17.85","11","0.00"
"2317  ","鴻海            ","21649771","9273","1822757166","84.2","84.4","84","84.2","+","0.6","84.1","206","84.2","246","10.98"
"2321  ","東訊            ","48495","20","137258","2.89","2.9","2.8","2.8","-","0.1","2.79","3","2.8","26","70"
"2323  ","中環            ","2274402","551","7895002","3.46","3.49","3.45","3.49","+","0.04","3.48","42","3.49","398","0.00"
"2324  ","仁寶            ","6654882","1978","122942516","18.4","18.55","18.35","18.45","+","0.2","18.45","505","18.5","1,222","10.37"
"2325  ","矽品            ","2630118","1418","125442497","47.4","47.9","47.25","47.85","+","0.85","47.8","1","47.85","165","21.65"
"2327  ","國巨            ","915189","472","53590704","58.2","59","57.8","58.6","+","0.8","58.5","227","58.6","122","8.99"
"2328  ","廣宇            ","5698836","2313","141615698","24.95","25.15","24.65","24.65","-","0.05","24.65","160","24.7","66","12.97"
"2329  ","華泰            ","3688906","941","41407027","10.9","11.35","10.9","11.35","+","0.45","11.25","1","11.35","196","10.91"
"2330  ","台積電          ","36748382","11638","6647442778","181","182.5","180","181.5","+","1.5","181","80","181.5","961","15.34"
"2331  ","精英            ","11256429","4028","179440743","15.6","16.5","15.55","15.6"," ","0","15.6","90","15.65","71","0.00"
"2332  ","友訊            ","1147896","412","12275626","10.7","10.8","10.6","10.75","+","0.15","10.7","68","10.75","64","0.00"
"2337  ","旺宏            ","4291224","533","19953784","4.63","4.67","4.63","4.63","-","0.01","4.63","603","4.64","110","0.00"
"2338  ","光罩            ","359360","132","3114574","8.64","8.8","8.56","8.64","+","0.01","8.64","1","8.65","7","0.00"
"2340  ","光磊            ","952801","410","13298977","13.95","14","13.9","13.95"," ","0","13.95","39","14","62","9.06"
"2342  ","茂矽            ","261493","112","764295","2.95","2.95","2.9","2.9","+","0.07","2.9","82","2.94","14","0.00"
"2344  ","華邦電          ","4153866","1514","41450223","10.05","10.05","9.96","9.97","-","0.03","9.97","120","9.98","24","12.31"
"2345  ","智邦            ","4513764","2172","230864951","50.9","51.5","50.9","50.9","-","0.3","50.9","105","51","8","15.24"
"2347  ","聯強            ","3279392","1785","106362531","32.45","32.55","32.4","32.5","+","0.1","32.45","126","32.5","137","13.66"
"2348  ","海悅            ","1955","5","34973","18.5","18.5","18.5","18.5","+","0.5","17.2","1","18.45","1","132.14"
"2349  ","錸德            ","2779630","629","14162790","5.1","5.13","5.08","5.1","+","0.03","5.09","20","5.1","49","0.00"
"2351  ","順德            ","465000","272","19044600","40.45","41.5","40.45","41.45","+","0.95","41.3","4","41.45","55","11.95"
"2352  ","佳世達          ","3489867","909","52655149","15.15","15.2","15","15.05"," ","0","15","1,312","15.05","16","9.9"
"2353  ","宏碁            ","5702079","1907","74326452","12.95","13.1","12.95","13.1","+","0.2","13.05","28","13.1","1,119","37.43"
"2354  ","鴻準            ","1512870","1147","129245993","85.4","85.8","84.9","85.3","+","0.3","85","8","85.3","32","10.24"
"2355  ","敬鵬            ","301019","262","18308451","61","61","60.5","60.7","+","0.2","60.7","13","60.8","4","9.92"
"2356  ","英業達          ","15413236","5874","342138151","22.15","22.5","22","22.1","+","0.65","22.1","4","22.15","15","16.37"
"2357  ","華碩            ","559410","347","148312240","265.5","266","264","265","+","2","264.5","66","265","98","10.47"
"2358  ","廷鑫            ","594502","282","9537072","16.1","16.4","15.55","16.25","+","0.25","16.2","1","16.25","6","0.00"
"2359  ","所羅門          ","354125","158","5313066","15.15","15.15","14.9","15","-","0.05","15","7","15.05","13","10.34"
"2360  ","致茂            ","582185","490","43862767","75.4","75.8","75.1","75.4","-","0.5","75.3","15","75.4","15","18.3"
"2362  ","藍天            ","196265","143","5434373","27.8","27.8","27.55","27.8","+","0.2","27.75","2","27.8","392","32.71"
"2363  ","矽統            ","722083","293","4700356","6.5","6.55","6.49","6.49","+","0.01","6.49","28","6.5","27","649"
"2364  ","倫飛            ","168840","44","411567","2.31","2.52","2.31","2.5","-","0.05","2.41","1","2.52","4","0.00"
"2365  ","昆盈            ","633841","224","5765213","9.01","9.14","9.01","9.05","+","0.04","9.05","29","9.08","4","0.00"
"2367  ","燿華            ","463711","176","4229910","9.2","9.2","9.1","9.13","+","0.07","9.11","18","9.13","5","0.00"
"2368  ","金像電          ","857521","368","8901739","10.25","10.5","10.25","10.4","+","0.2","10.4","98","10.45","23","0.00"
"2369  ","菱生            ","1003934","277","11850569","11.75","11.9","11.75","11.85"," ","0","11.8","60","11.85","148","25.76"
"2371  ","大同            ","5408500","1734","51474327","9.48","9.54","9.47","9.54","+","0.02","9.53","1","9.54","69","0.00"
"2373  ","震旦行          ","329263","291","17212462","52.2","53.6","51.8","53.5","+","1.4","53","1","53.5","5","13.65"
"2374  ","佳能            ","315585","124","5288260","16.75","16.8","16.7","16.8","+","0.05","16.75","52","16.8","76","13.77"
"2375  ","智寶            ","41514","24","674301","16.3","16.35","16.2","16.3"," ","0","16.2","5","16.3","9","0.00"
"2376  ","技嘉            ","3438680","1933","148018690","43.6","43.65","42.8","43.1","+","0.1","43.1","39","43.15","1","12.9"
"2377  ","微星            ","3124378","1912","230661479","73","74.2","73","73.6","+","0.5","73.6","56","73.7","50","13.07"
"2379  ","瑞昱            ","1024113","728","104723026","101","103","101","102","+","1.5","102","82","102.5","139","16.72"
"2380  ","虹光            ","1419378","296","9246423","6.47","6.64","6.45","6.56","+","0.08","6.56","49","6.57","20","0.00"
"2382  ","廣達            ","3179278","1712","190951619","60.2","60.3","59.6","60.3","+","0.6","60.1","140","60.3","207","14.5"
"2383  ","台光電          ","1396548","1049","125347138","90.1","90.5","89.1","90","+","0.1","89.7","10","90","97","11.15"
"2385  ","群光            ","854157","502","63769207","73.6","75","73.6","75","+","1.1","75","357","75.1","2","14.45"
"2387  ","精元            ","224084","140","3802012","16.9","17.05","16.9","17"," ","0","16.95","18","17","8","5.3"
"2388  ","威盛            ","241054","161","2421140","10","10.1","10","10.1","+","0.05","10","72","10.1","169","0.00"
"2390  ","云辰            ","1243034","588","21414230","17.2","17.45","17","17.1","+","0.05","17.05","21","17.1","1","244.29"
"2392  ","正崴            ","647578","442","23683758","36.5","36.8","36.4","36.6","+","0.3","36.55","32","36.6","82","36.24"
"2393  ","億光            ","728815","507","33439290","45.8","46.1","45.6","46.1","+","0.5","46.05","17","46.1","4","10.7"
"2395  ","研華            ","458085","383","115492005","249","254.5","248.5","254.5","+","8","254","1","254.5","1","28.82"
"2397  ","友通            ","622200","394","31935318","50.6","51.7","50.6","51.7","+","1.3","51.6","9","51.7","4","12.4"
"2399  ","映泰            ","65398","18","541583","8.38","8.38","8.25","8.33","+","0.08","8.27","2","8.33","4","0.00"
"2401  ","凌陽            ","1420402","409","16105987","11.25","11.45","11.25","11.35","+","0.2","11.3","63","11.35","87","22.25"
"2402  ","毅嘉            ","12243817","4106","195506182","15.2","16.35","15.2","15.9","+","0.75","15.9","233","15.95","39","0.00"
"2404  ","漢唐            ","401053","255","19762012","49.05","49.4","49.05","49.3","+","0.15","49.25","19","49.3","10","8.87"
"2405  ","浩鑫            ","2785612","879","22700759","8.2","8.27","8.08","8.1","-","0.09","8.1","69","8.11","1","0.00"
"2406  ","國碩            ","17387697","6433","433256624","24.5","25.35","24.45","24.5","+","0.3","24.5","359","24.55","10","25"
"2408  ","南亞科          ","5472239","2785","264586602","48.4","48.65","48.2","48.3","+","0.05","48.3","103","48.35","14","24.03"
"2409  ","友達            ","25121671","4342","295941908","11.8","11.85","11.7","11.8","+","0.05","11.75","3,143","11.8","1,488","0.00"
"2412  ","中華電          ","9542057","4321","972579314","101.5","102.5","101.5","101.5"," ","0","101.5","2,495","102","745","18.87"
"2413  ","環科            ","494688","217","5878565","11.9","12.05","11.7","11.85","+","0.1","11.85","10","11.9","86","18.52"
"2414  ","精技            ","358450","127","6232585","17.25","17.7","17.2","17.3","+","0.05","17.25","11","17.3","1","11.38"
"2415  ","錩新            ","725000","318","17423750","24.2","24.2","23.9","23.9"," ","0","23.9","49","23.95","1","13.06"
"2417  ","圓剛            ","2601859","921","27853844","10.3","10.9","10.3","10.7","+","0.4","10.7","21","10.75","36","0.00"
"2419  ","仲琦            ","2094526","973","42402749","20.35","20.45","20.15","20.2","-","0.1","20.2","141","20.25","29","12.39"
"2420  ","新巨            ","76888","72","2726138","35.35","36","35.35","35.45","+","0.1","35.45","20","35.7","3","10.01"
"2421  ","建準            ","3213502","1636","89094853","27.6","28.2","27.35","27.4","-","0.05","27.4","54","27.5","9","12.92"
"2423  ","固緯            ","83635","46","1616039","19.3","19.4","19.15","19.35","+","0.1","19.3","9","19.35","4","10.69"
"2424  ","隴華            ","1292","2","28490","22.3","22.3","22.3","22.3","+","0.1","20.9","1","22.2","1","0.00"
"2425  ","承啟            ","125000","83","2484700","19.95","20.25","19.75","19.75","-","0.2","19.75","2","19.8","1","24.69"
"2426  ","鼎元            ","541220","231","6700107","12.45","12.5","12.3","12.45","+","0.05","12.4","1","12.45","52","27.67"
"2427  ","三商電          ","268612","83","1916504","7.18","7.19","7.1","7.15","-","0.01","7.15","2","7.17","3","23.06"
"2428  ","興勤            ","287500","209","18147148","63.4","63.5","62.9","63.2"," ","0","63.1","5","63.2","1","10.05"
"2429  ","銘旺科          ","7000","5","112650","16","16.15","16","16.15","-","0.75","16.1","6","17.1","1","0.00"
"2430  ","燦坤            ","49347","28","1454267","29.5","29.5","29.4","29.5"," ","0","29.45","12","29.55","18","11.48"
"2431  ","聯昌            ","449387","228","6290906","13.85","14.15","13.85","14.15","+","0.35","14.1","14","14.15","15","41.62"
"2433  ","互盛電          ","18107","18","717191","39.55","39.65","39.4","39.65","+","0.25","39.55","2","39.65","7","12.63"
"2434  ","統懋            ","48500","32","257283","5.34","5.38","5.25","5.3","+","0.06","5.29","11","5.3","3","0.00"
"2436  ","偉詮電          ","777647","447","16579928","21.2","21.5","21.1","21.4","+","0.4","21.4","20","21.45","23","37.54"
"2437  ","旺詮            ","50113","43","2365161","47.15","47.5","47.05","47.15","+","0.15","47.15","1","47.3","1","9.16"
"2438  ","翔耀            ","12231","15","120691","9.75","9.99","9.75","9.97","+","0.23","9.82","2","9.97","1","0.00"
"2439  ","美律            ","1945612","1223","235237052","120","121.5","119.5","121.5","+","1.5","121","4","121.5","171","14.18"
"2440  ","太空梭          ","417007","56","3565730","8.12","8.99","8.12","8.93","+","0.73","8.93","10","8.94","1","0.00"
"2441  ","超豐            ","356806","235","13842809","38.5","39","38.5","39","+","0.45","38.95","10","39","36","10.46"
"2442  ","新美齊          ","717893","230","4890639","6.72","6.93","6.71","6.76","+","0.07","6.75","16","6.76","3","676"
"2443  ","新利虹          ","180088","65","1113064","6.22","6.24","6.16","6.17"," ","0","6.15","5","6.17","2","0.00"
"2444  ","友旺            ","82009","40","911199","11.1","11.15","11.05","11.15","+","0.05","11.1","7","11.15","46","6.97"
"2448  ","晶電            ","7425168","2077","172443907","23.05","23.4","23.05","23.15","+","0.1","23.1","552","23.15","422","0.00"
"2449  ","京元電子        ","5207705","2306","131693294","25.3","25.5","25.1","25.2","-","0.05","25.15","292","25.2","860","10.54"
"2450  ","神腦            ","202300","97","10560489","52","52.9","51.9","52.3","+","0.4","52.3","41","52.6","1","12.11"
"2451  ","創見            ","201361","170","17145793","84.7","85.5","84.7","85.2","+","0.5","85.2","15","85.3","4","13.74"
"2453  ","凌群            ","60000","22","639050","10.65","10.7","10.55","10.6","+","0.05","10.6","13","10.65","1","20"
"2454  ","聯發科          ","3800961","1920","825466509","218.5","219","216.5","216.5"," ","0","216.5","1,354","217","16","14.77"
"2455  ","全新            ","1067194","640","52989925","49.35","50.2","49.35","49.5","+","0.05","49.45","19","49.5","3","17.31"
"2456  ","奇力新          ","435523","272","30950542","71.3","71.4","70.8","71","+","0.3","71","131","71.1","13","14.26"
"2457  ","飛宏            ","20229802","6211","262082026","12.3","13.35","12.25","13.1","+","0.95","13.05","168","13.1","24","0.00"
"2458  ","義隆            ","5652761","3017","195976390","33.9","35.1","33.8","34.65","+","0.9","34.6","82","34.65","28","21.39"
"2459  ","敦吉            ","27787","22","990476","35.6","35.7","35.5","35.6"," ","0","35.6","5","35.7","3","9.65"
"2460  ","建通            ","46707","27","474290","10.15","10.3","10.1","10.1","-","0.05","10.1","10","10.15","5","53.16"
"2461  ","光群雷          ","2600651","987","48814341","19.1","19.1","18.55","18.6","-","0.35","18.55","46","18.6","20","16.32"
"2462  ","良得電          ","82461","43","1712892","20.85","20.85","20.75","20.75"," ","0","20.75","30","20.8","7","26.6"
"2464  ","盟立            ","1083789","541","40657987","37.8","37.85","37.35","37.35","-","0.1","37.35","59","37.4","2","14.82"
"2465  ","麗臺            ","136571","79","1067170","7.82","7.88","7.73","7.8","-","0.02","7.8","32","7.86","2","0.00"
"2466  ","冠西電          ","102120","54","3566526","34.85","35","34.8","35","+","0.15","34.8","2","35","3","0.00"
"2467  ","志聖            ","10331927","4701","217847917","21.1","21.5","20.65","20.7","+","0.05","20.7","32","20.75","23","0.00"
"2468  ","華經            ","26000","12","273550","10.5","10.6","10.5","10.6","+","0.1","10.45","7","10.6","13","13.95"
"2471  ","資通            ","121246","67","1757441","14.3","14.6","14.3","14.5","+","0.1","14.5","21","14.6","10","12.39"
"2472  ","立隆電          ","107136","74","4175482","38.9","39.2","38.9","39","+","0.1","39","27","39.05","32","13.18"
"2474  ","可成            ","1914091","1265","427574925","222.5","224.5","221.5","224","+","3","224","46","224.5","98","8.82"
"2475  ","華映            ","1838585","164","2345128","1.28","1.29","1.26","1.28","+","0.02","1.27","20","1.28","209","0.00"
"2476  ","鉅祥            ","193857","81","4997130","25.8","25.9","25.65","25.8","+","0.05","25.75","11","25.8","29","11.12"
"2477  ","美隆電          ","757200","362","12930659","16.65","17.25","16.65","17","+","0.4","17","4","17.05","2","12.69"
"2478  ","大毅            ","20383","29","385841","18.85","18.95","18.85","18.95","+","0.1","18.85","2","18.95","3","15.53"
"2480  ","敦陽科          ","91002","53","2496804","27.25","27.6","27.25","27.5","+","0.25","27.5","3","27.55","4","11.96"
"2481  ","強茂            ","2126146","738","35040693","16.55","16.65","16.35","16.5","-","0.05","16.45","18","16.5","149","10.51"
"2482  ","連宇            ","32000","17","418750","13.1","13.15","13","13.1"," ","0","13.05","8","13.1","2","0.00"
"2483  ","百容            ","38000","20","651200","17.15","17.15","17.1","17.15"," ","0","17.15","12","17.2","6","13.94"
"2484  ","希華            ","244006","121","4492910","18.4","18.5","18.35","18.35"," ","0","18.35","64","18.4","2","15.55"
"2485  ","兆赫            ","1825061","959","61273746","33.8","33.9","33.4","33.45","-","0.1","33.45","76","33.5","6","15.78"
"2486  ","一詮            ","697491","227","6269556","8.95","9.05","8.94","8.94","+","0.02","8.94","18","8.95","1","0.00"
"2488  ","漢平            ","798034","459","34741315","43","43.9","43","43.35","+","0.35","43.35","6","43.4","10","8.72"
"2489  ","瑞軒            ","1743094","826","38670974","22.15","22.25","22.15","22.15"," ","0","22.15","270","22.2","9","6.71"
"2491  ","吉祥全          ","10759","9","81990","7.65","7.86","7.48","7.53","-","0.16","7.53","2","7.73","2","15.37"
"2492  ","華新科          ","3299788","1408","116074588","35","35.35","34.7","35.35","+","0.4","35.25","7","35.35","37","9.55"
"2493  ","揚博            ","139309","72","3784907","27.35","27.35","27.05","27.15","+","0.15","27.15","5","27.25","16","9.39"
"2495  ","普安            ","165290","98","2668869","16.1","16.2","16.1","16.15","+","0.05","16.15","2","16.2","32","18.35"
"2496  ","卓越            ","456","2","46512","--","--","--","--"," ","0","93.5","3","102.5","1","0.00"
"2497  ","怡利電          ","153300","90","4914424","31.95","32.3","31.95","31.95"," ","0","31.95","23","32.2","7","1597.5"
"2498  ","宏達電          ","3924923","2591","309263019","78","79.3","78","79","+","1.2","78.9","8","79","90","0.00"
"2499  ","東貝            ","2967941","900","38536221","12.9","13.1","12.8","13.05","+","0.15","13","178","13.05","68","81.56"
"2501  ","國建            ","1404127","488","25523590","18.2","18.35","18","18.2","+","0.25","18.15","7","18.25","105","8.79"
"2504  ","國產            ","1010013","377","6666612","6.57","6.63","6.53","6.63","+","0.07","6.6","10","6.63","86","0.00"
"2505  ","國揚            ","87179","65","1042876","12","12.05","11.85","11.95","+","0.05","11.85","2","12","29","0.00"
"2506  ","太設            ","183335","83","2104282","11.15","11.6","11.15","11.35","+","0.25","11.35","5","11.5","9","19.91"
"2509  ","全坤建          ","184149","94","3253310","17","18.5","17","18.3","+","1.3","18.3","7","18.35","1","4.47"
"2511  ","太子            ","717750","395","7487000","10.3","10.5","10.3","10.5","+","0.15","10.45","2","10.5","76","8.97"
"2514  ","龍邦            ","267081","90","4473700","16.95","16.95","16.65","16.75","-","0.2","16.7","41","16.75","1","8.46"
"2515  ","中工            ","9191404","2118","57234966","6.25","6.29","6.16","6.2","+","0.07","6.19","511","6.2","1","0.00"
"2516  ","新建            ","841671","168","5922237","7.02","7.08","7","7.05","+","0.03","7.04","4","7.05","39","10.52"
"2520  ","冠德            ","2651940","1105","52162777","19.75","19.85","19.55","19.55","+","0.15","19.55","232","19.6","26","7.38"
"2524  ","京城            ","28500","21","608200","21.3","21.65","21.3","21.5"," ","0","21.3","7","21.5","5","29.86"
"2527  ","宏璟            ","122038","51","2337031","19.15","19.2","19.1","19.1"," ","0","19.05","9","19.1","1","21.7"
"2528  ","皇普            ","9000","7","56660","6.49","6.49","6.21","6.35"," ","0","6.22","3","6.35","1","63.5"
"2530  ","華建            ","161437","85","2181051","13.45","13.65","13.45","13.5","+","0.1","13.5","2","13.55","15","3.21"
"2534  ","宏盛            ","3022945","678","56992410","19","19.15","18.7","18.7","-","0.2","18.7","232","18.8","7","30.66"
"2535  ","達欣工          ","321431","141","6232785","19.35","19.45","19.35","19.45","+","0.1","19.4","9","19.45","9","8.68"
"2536  ","宏普            ","109602","77","2817611","25.8","25.8","25.6","25.7","+","0.1","25.7","1","25.75","19","5.35"
"2537  ","聯上發          ","332225","156","3181703","9.59","9.62","9.55","9.58","+","0.01","9.57","19","9.58","98","2.65"
"2538  ","基泰            ","806872","306","7829904","9.72","9.75","9.65","9.71","+","0.09","9.71","5","9.72","6","0.00"
"2539  ","櫻花建          ","69349","7","1747541","25.2","25.2","25.2","25.2","+","0.05","25","1","25.2","6","18.53"
"2540  ","愛山林          ","108","1","2548","--","--","--","--"," ","0","23.8","1","24.8","3","10.88"
"2542  ","興富發          ","1746720","1166","79015011","45.3","45.4","44.9","45.4","+","0.75","45.35","26","45.4","22","4.63"
"2543  ","皇昌            ","5001","5","46159","9.25","9.25","9.15","9.25"," ","0","9.09","3","9.25","20","23.72"
"2545  ","皇翔            ","522160","298","20740700","39.4","39.9","39.35","39.9","+","0.7","39.75","1","39.9","76","4.98"
"2546  ","根基            ","142003","33","2423101","17.1","17.2","17","17.1"," ","0","17","15","17.1","1","10"
"2547  ","日勝生          ","449296","168","4186076","9.21","9.37","9.21","9.37","+","0.12","9.35","3","9.37","27","0.00"
"2548  ","華固            ","1099336","754","66564423","59.2","61.6","59.2","60.5","+","1.5","60.4","10","60.5","24","11.5"
"2597  ","潤弘            ","8110","10","303190","37.6","37.6","37.3","37.3","-","0.15","37.3","3","37.6","1","9.3"
"2601  ","益航            ","350503","146","2449107","6.97","7.01","6.97","7","+","0.03","6.99","8","7","60","0.00"
"2603  ","長榮            ","3477891","846","38712324","11.05","11.2","11.05","11.1","+","0.1","11.1","1,339","11.15","57","0.00"
"2605  ","新興            ","403900","210","7849552","19.4","19.5","19.35","19.5","+","0.05","19.45","2","19.5","17","15.85"
"2606  ","裕民            ","955650","528","23850978","24.65","25.1","24.65","25.1","+","0.2","25.05","4","25.1","42","0.00"
"2607  ","榮運            ","305820","92","3912104","12.8","12.85","12.75","12.8","+","0.05","12.8","6","12.85","93","17.07"
"2608  ","大榮            ","200054","126","8913398","44.8","44.8","44.1","44.6"," ","0","44.35","80","44.6","13","16.28"
"2609  ","陽明            ","17047254","2979","81563668","4.68","4.88","4.66","4.82","+","0.16","4.82","14","4.83","5","0.00"
"2610  ","華航            ","5252468","1379","47442870","9.28","9.3","9.26","9.3","+","0.05","9.29","100","9.3","18","20.67"
"2611  ","志信            ","174257","43","1179823","6.76","6.8","6.76","6.8","+","0.02","6.8","2","6.81","7","0.00"
"2612  ","中航            ","424589","206","11201896","26.6","26.6","26.25","26.4"," ","0","26.35","1","26.4","120","22"
"2613  ","中櫃            ","509594","356","6463022","12.5","13","12.45","13","+","0.45","12.65","5","13","2","23.21"
"2614  ","東森            ","788453","264","5626748","7.15","7.16","7.12","7.15"," ","0","7.15","80","7.16","17","0.00"
"2615  ","萬海            ","1965901","698","31951883","16.2","16.35","16.15","16.3","+","0.2","16.3","31","16.35","372","543.33"
"2616  ","山隆            ","83014","54","2319251","27.95","28","27.9","27.9","-","0.1","27.9","21","27.95","3","10.37"
"2617  ","台航            ","250500","94","3061699","12.2","12.3","12.15","12.3","+","0.1","12.2","21","12.3","19","0.00"
"2618  ","長榮航          ","2501690","1090","36461659","14.55","14.6","14.5","14.6","+","0.1","14.55","683","14.6","70","11.59"
"2633  ","台灣高鐵        ","1839367","791","33813622","18.3","18.45","18.3","18.4","+","0.05","18.35","522","18.4","3","4.36"
"2634  ","漢翔            ","1367093","824","52227320","38.15","38.3","38.1","38.2"," ","0","38.2","235","38.3","20","18.54"
"2636  ","台驊投控        ","559283","212","12126946","21.6","21.9","21.45","21.9","+","0.25","21.7","3","21.9","7","15.21"
"2637  ","慧洋-KY         ","772844","364","23526290","30.4","30.55","30.35","30.45","+","0.05","30.4","16","30.45","17","12.04"
"2642  ","宅配通          ","55000","26","1371400","25","25.1","24.85","24.85"," ","0","24.85","5","24.9","1","32.7"
"2701  ","萬企            ","54238","32","730875","13.45","13.55","13.3","13.55","+","0.2","13.4","2","13.55","20","16.13"
"2702  ","華園            ","41462","29","666932","16.1","16.2","16","16.2","+","0.15","16.05","5","16.25","3","27.46"
"2704  ","國賓            ","238109","57","5559277","23.4","23.4","23.3","23.35","-","0.05","23.3","10","23.35","390","21.23"
"2705  ","六福            ","512707","183","4222581","8.3","8.32","8.15","8.15","-","0.13","8.15","8","8.21","2","0.00"
"2706  ","第一店          ","79741","52","1298090","16.25","16.35","16.25","16.3"," ","0","16.25","1","16.3","20","15.09"
"2707  ","晶華            ","83840","75","14136800","169.5","169.5","168","169","-","0.5","168.5","2","169","14","21.75"
"2712  ","遠雄來          ","214000","77","5668150","25.6","26.8","25.5","26.8","+","1.2","26.8","13","28.1","4","38.29"
"2722  ","夏都            ","115999","54","4888658","41.5","42.3","41.5","42.2","+","0.35","42.2","20","42.3","3","29.31"
"2723  ","美食-KY         ","135200","123","32897300","243","245.5","241.5","245","+","3.5","245","12","245.5","9","22.85"
"2727  ","王品            ","181133","166","23901556","133.5","133.5","131.5","131.5","-","1","131.5","23","132","4","127.67"
"2731  ","雄獅            ","26050","25","2146534","82.8","82.8","82","82.7","-","0.1","82.1","1","82.8","3","20.99"
"2739  ","寒舍            ","66122","48","2097629","31.75","31.85","31.6","31.8","+","0.05","31.75","1","31.85","8","12"
"2748  ","雲品            ","33000","23","1591050","48.2","48.5","48.15","48.5","+","0.2","48.25","1","48.5","12","15.11"
"2801  ","彰銀            ","7179887","2139","122735095","17.05","17.15","17","17.15","+","0.15","17.15","412","17.2","1,244","13.09"
"2809  ","京城銀          ","481731","206","13603118","28.3","28.35","28.15","28.15","+","0.05","28.15","63","28.25","20","7.37"
"2812  ","台中銀          ","1052919","488","9644440","9.13","9.18","9.11","9.18","+","0.03","9.17","2","9.18","11","9.27"
"2816  ","旺旺保          ","887868","426","13430306","14.65","15.35","14.65","15.2","+","0.35","15.15","7","15.2","9","17.47"
"2820  ","華票            ","786052","346","10183814","12.95","13","12.9","13","+","0.05","12.95","71","13","1,037","10"
"2823  ","中壽            ","6183829","2898","197787478","31.85","32.1","31.8","32.05","+","0.5","32","475","32.05","54","13.87"
"2832  ","台產            ","37300","30","717900","19.05","19.3","19.05","19.3","+","0.2","19.2","3","19.3","11","12.7"
"2834  ","臺企銀          ","4224847","1156","34386464","8.12","8.16","8.12","8.15","+","0.06","8.14","296","8.15","143","9.16"
"2836  ","高雄銀          ","177012","74","1597944","9.03","9.04","9","9.04","+","0.04","9.02","1","9.04","43","12.22"
"2838  ","聯邦銀          ","878151","303","7863538","8.94","8.98","8.94","8.95","+","0.05","8.94","20","8.95","47","8.06"
"2841  ","台開            ","1746573","519","17684777","10.1","10.15","10.05","10.15","+","0.15","10.1","117","10.15","255","3.87"
"2845  ","遠東銀          ","1095467","470","9957868","9.06","9.11","9.06","9.1","+","0.04","9.08","170","9.1","867","8.67"
"2849  ","安泰銀          ","3335521","482","48339050","14.2","14.95","13.85","14.55","+","0.35","14.5","2","14.55","15","13.23"
"2850  ","新產            ","74827","40","1969731","26.2","26.4","26.2","26.35","+","0.15","26.3","1","26.35","14","6.95"
"2851  ","中再保          ","89000","22","1309150","14.75","14.85","14.7","14.85","+","0.1","14.75","4","14.85","10","9.9"
"2852  ","第一保          ","121030","50","1591678","13.1","13.2","13.1","13.2","+","0.2","13.1","31","13.2","11","9.17"
"2855  ","統一證          ","2317176","741","27152694","11.6","11.8","11.55","11.8","+","0.3","11.75","73","11.8","66","11.8"
"2856  ","元富證          ","7982602","1151","71398592","8.81","8.98","8.81","8.98","+","0.17","8.96","2","8.98","440","8.16"
"2867  ","三商壽          ","1062454","492","18046429","17.05","17.05","16.9","17","+","0.2","16.95","29","17","55","9.39"
"2880  ","華南金          ","5438273","1512","88184698","16.15","16.25","16.1","16.25","+","0.15","16.2","505","16.25","1,025","12.22"
"2881  ","富邦金          ","7550127","3049","384186532","50.7","51.1","50.5","51","+","0.8","50.9","571","51","63","12.06"
"2881A ","富邦特          ","230095","87","14242568","61.9","61.9","61.8","61.9"," ","0","61.9","105","62","381","0.00"
"2882  ","國泰金          ","9465537","3828","456993989","48.15","48.55","48.05","48.2","+","0.3","48.2","420","48.25","25","14.47"
"2883  ","開發金          ","12537739","2947","100953917","8.03","8.08","8","8.06","+","0.1","8.05","23","8.06","419","17.15"
"2884  ","玉山金          ","8682531","2696","158777623","18.25","18.35","18.1","18.35","+","0.2","18.3","77","18.35","699","12.23"
"2885  ","元大金          ","24406826","4375","291306570","11.85","12","11.8","12","+","0.2","11.95","122","12","4,690","13.19"
"2886  ","兆豐金          ","17040925","4354","391531608","23","23.15","22.85","23","+","0.2","22.95","20","23","642","12.37"
"2887  ","台新金          ","7523132","1661","88612861","11.8","11.8","11.7","11.8","+","0.15","11.75","1,898","11.8","2,414","10.17"
"2888  ","新光金          ","15999558","3309","126738921","7.86","7.97","7.86","7.9","+","0.06","7.89","1,185","7.9","160","24.69"
"2889  ","國票金          ","860289","420","7071107","8.2","8.23","8.19","8.23","+","0.04","8.22","6","8.23","98","10.16"
"2890  ","永豐金          ","9160703","2782","83038060","9.04","9.08","9.02","9.08","+","0.09","9.07","4","9.08","110","10.94"
"2891  ","中信金          ","27020132","5351","476973239","17.65","17.75","17.6","17.65","+","0.1","17.6","3,430","17.65","5,862","9.44"
"2892  ","第一金          ","10397955","2858","178488116","17.2","17.2","17.1","17.2","+","0.15","17.15","368","17.2","1,950","11.86"
"2901  ","欣欣            ","15050","12","378810","25.1","25.4","25.05","25.2","+","0.1","25.1","2","25.45","1","56"
"2903  ","遠百            ","1492099","579","23688664","15.75","16","15.7","16","+","0.25","15.95","98","16","36","17.02"
"2904  ","匯僑            ","38358","30","937033","24.45","24.45","24.35","24.35"," ","0","24.35","11","24.4","2","15.22"
"2905  ","三商            ","488158","235","11106591","22.7","22.85","22.6","22.85","+","0.25","22.8","40","22.85","104","9.36"
"2906  ","高林            ","51332","27","536484","10.45","10.55","10.35","10.55","+","0.1","10.4","4","10.55","11","0.00"
"2908  ","特力            ","862599","280","17193066","19.55","20.1","19.55","20.1","+","0.5","19.65","3","20.1","21","15.23"
"2910  ","統領            ","57000","26","2217850","39","39","38.4","39","+","0.05","39","20","39.5","3","105.41"
"2911  ","麗嬰房          ","158200","111","1777248","11.25","11.3","11.2","11.2","-","0.05","11.2","7","11.25","6","0.00"
"2912  ","統一超          ","703640","507","162756980","230","232","228.5","231","+","3","230.5","121","231","24","25.67"
"2913  ","農林            ","551973","293","7749011","14.05","14.1","14","14","+","0.05","14","33","14.05","32","21.54"
"2915  ","潤泰全          ","2568228","1236","138019339","53.5","54.2","53.3","53.7","+","0.5","53.6","132","53.7","14","7.16"
"2923  ","鼎固-KY         ","156100","86","3288360","20.55","21.4","20.3","21.25","+","1.05","21.2","7","21.25","2","12.72"
"2929  ","淘帝-KY         ","270678","373","28627005","105","106.5","105","105.5","+","0.5","105.5","4","106","8","7.16"
"2936  ","客思達-KY       ","263150","207","12521575","47.6","48.4","47.3","47.3","-","0.2","47.3","40","47.45","1","11.08"
"3002  ","歐格            ","10000","8","105700","10.55","10.65","10.55","10.6","+","0.05","10.55","1","10.6","2","18.28"
"3003  ","健和興          ","255000","162","9607950","37.7","37.8","37.55","37.7","+","0.15","37.65","1","37.7","64","17.95"
"3004  ","豐達科          ","44000","38","2174400","49.8","49.8","49.25","49.3","-","0.2","49.3","8","49.5","4","11.13"
"3005  ","神基            ","3704845","1580","141855077","37.9","38.5","37.9","38.05","+","0.25","38.05","129","38.2","25","14.36"
"3006  ","晶豪科          ","1804454","893","60119275","33.4","33.55","33.15","33.25","-","0.05","33.25","21","33.3","2","20.03"
"3008  ","大立光          ","527462","621","1998015600","3750","3805","3750","3790","+","65","3785","1","3790","7","24.22"
"3010  ","華立            ","73529","68","3375327","45.7","46.1","45.7","45.9","+","0.2","45.8","2","46","12","9.48"
"3011  ","今皓            ","178450","94","1315746","7.42","7.42","7.3","7.39"," ","0","7.38","1","7.39","3","0.00"
"3013  ","晟銘電          ","1598055","730","28622765","18.55","18.55","17.5","17.55","-","0.75","17.55","71","17.6","2","33.75"
"3014  ","聯陽            ","263115","182","7946002","30.25","30.35","30.15","30.15","+","0.05","30.15","17","30.2","3","12.06"
"3015  ","全漢            ","178737","60","4248378","23.65","23.85","23.65","23.75","+","0.1","23.75","61","23.8","13","9.85"
"3016  ","嘉晶            ","1932301","895","37869936","19.4","19.8","19.25","19.5","+","0.35","19.5","50","19.55","6","0.00"
"3017  ","奇鋐            ","1211712","603","30461182","25.25","25.35","25","25.1","+","0.05","25.1","76","25.15","10","10.73"
"3018  ","同開            ","128002","46","2310736","18.5","18.5","18","18.05","-","0.15","18","1","18.05","1","0.00"
"3019  ","亞光            ","659449","406","19985287","30.2","30.55","29.95","30.5","+","0.4","30.45","13","30.5","61","40.13"
"3021  ","鴻名            ","28000","11","352150","12.6","12.6","12.55","12.55","-","0.05","12.55","9","12.6","2","10.91"
"3022  ","威強電          ","264290","168","11858371","45","45.1","44.7","44.7","-","0.1","44.7","34","45","22","12.56"
"3023  ","信邦            ","502305","371","35127580","69","70.3","69","70.2","+","1.3","70.1","2","70.2","9","14.41"
"3024  ","憶聲            ","733036","202","5199091","7","7.25","7","7.12","+","0.12","7.12","2","7.15","13","0.00"
"3025  ","星通            ","206250","96","2424373","11.8","11.9","11.65","11.65","-","0.1","11.65","60","11.75","41","36.41"
"3026  ","禾伸堂          ","103179","65","3317244","32.1","32.2","32.1","32.15"," ","0","32.15","2","32.2","60","16.4"
"3027  ","盛達            ","98052","52","1209344","12.4","12.45","12.25","12.4"," ","0","12.35","5","12.4","9","20.67"
"3028  ","增你強          ","156354","87","2666068","17","17.1","17","17"," ","0","17","90","17.05","5","11.64"
"3029  ","零壹            ","286152","151","5147307","17.95","18.1","17.9","17.9","-","0.05","17.9","9","18","6","11.12"
"3030  ","德律            ","112326","89","4286588","37.9","38.25","37.9","38.2","+","0.3","38.15","2","38.2","7","23.29"
"3031  ","佰鴻            ","2340220","770","29248308","12.5","12.7","12.25","12.6","+","0.3","12.55","67","12.6","184","37.06"
"3032  ","偉訓            ","354304","180","13588673","38","38.65","37.85","38.65","+","0.7","38","9","38.65","1","11.82"
"3033  ","威健            ","249659","123","4227653","16.9","17","16.85","17","+","0.1","16.95","12","17","98","13.18"
"3034  ","聯詠            ","1608966","1024","171101875","106.5","107","105","106.5","+","1","106.5","93","107","191","12.31"
"3035  ","智原            ","827893","534","25124262","30.25","30.65","30.1","30.35","+","0.25","30.35","31","30.4","14","43.36"
"3036  ","文曄            ","827309","423","35539464","42.6","43.15","42.55","43","+","0.25","43","7","43.05","8","10.05"
"3037  ","欣興            ","1505974","654","18659724","12.35","12.45","12.3","12.4","+","0.1","12.35","204","12.4","58","95.38"
"3038  ","全台            ","230515","94","2258712","9.76","9.83","9.76","9.8","+","0.01","9.8","6","9.81","10","9.25"
"3040  ","遠見            ","18041","17","683501","38.05","38.05","37.85","37.9"," ","0","37.8","5","37.9","2","15.28"
"3041  ","揚智            ","595503","316","9449516","15.75","16","15.7","15.85","+","0.15","15.85","2","15.9","5","0.00"
"3042  ","晶技            ","344700","255","14045670","40.65","41","40.6","40.75","+","0.25","40.7","16","40.75","1","13.1"
"3043  ","科風            ","56129","21","117797","2.11","2.11","2.1","2.1"," ","0","2.1","24","2.13","5","0.00"
"3044  ","健鼎            ","1178022","680","85144801","71.6","73.1","71.4","72.8","+","0.8","72.8","7","72.9","20","12.09"
"3045  ","台灣大          ","3977806","2237","413527222","103","104.5","102.5","104","+","2","103.5","103","104","232","18.09"
"3046  ","建碁            ","71283","34","345619","4.85","4.88","4.8","4.88"," ","0","4.85","1","4.88","2","0.00"
"3047  ","訊舟            ","296577","136","3110507","10.55","10.55","10.45","10.5","-","0.05","10.45","56","10.5","7","23.33"
"3048  ","益登            ","354105","204","5869485","16.6","16.7","16.45","16.6","-","0.05","16.55","2","16.6","64","12.21"
"3049  ","和鑫            ","1569029","530","13247370","8.41","8.5","8.35","8.48","+","0.11","8.47","38","8.48","57","0.00"
"3050  ","鈺德            ","295801","118","3247628","10.9","11.05","10.9","10.95","+","0.15","10.95","11","11","6","11.53"
"3051  ","力特            ","5865811","1125","29494445","5.08","5.21","4.85","4.89","-","0.19","4.89","25","4.9","14","0.00"
"3052  ","夆典            ","176314","35","1443976","8.21","8.21","8.15","8.15","+","0.01","8.15","29","8.19","3","27.17"
"3054  ","立萬利          ","283001","147","6061921","20.95","21.6","20.95","21.5","+","0.55","21.5","10","21.55","3","238.89"
"3055  ","蔚華科          ","253810","143","4384109","17.1","17.4","17.1","17.25","+","0.2","17.25","2","17.3","16","2.94"
"3056  ","總太            ","299519","205","5332638","17.75","17.9","17.75","17.9","+","0.15","17.8","13","17.9","19","3.63"
"3057  ","喬鼎            ","5907356","1972","93739001","15.35","16.3","15.2","15.7","+","0.7","15.7","20","15.75","81","0.00"
"3058  ","立德            ","379542","163","4043769","10.7","10.75","10.55","10.7","+","0.05","10.65","8","10.7","49","35.67"
"3059  ","華晶科          ","687835","403","15250470","22.2","22.4","22.05","22.15"," ","0","22.15","1","22.2","17","0.00"
"3060  ","銘異            ","540493","341","16312386","30.15","30.3","30.1","30.1"," ","0","30.1","71","30.2","1","18.24"
"3062  ","建漢            ","492814","315","9536226","19.4","19.45","19.3","19.3","+","0.1","19.3","19","19.35","10","17.55"
"3090  ","日電貿          ","71921","38","1749077","24.3","24.4","24.25","24.4","+","0.1","24.35","2","24.4","20","10.84"
"3094  ","聯傑            ","90363","53","1909973","21.05","21.25","21.05","21.15","+","0.1","21.1","7","21.15","2","25.48"
"3130  ","一零四          ","11000","9","1537500","140","140","139","140","+","1","139","1","139.5","1","10.92"
"3149  ","正達            ","346124","190","7084023","20.45","20.65","20.25","20.5","+","0.05","20.5","1","20.55","32","0.00"
"3164  ","景岳            ","596002","389","13996950","23.6","23.8","23.1","23.5"," ","0","23.45","10","23.5","1","0.00"
"3167  ","大量            ","107154","61","2766947","25.95","26.1","25.7","25.7","+","0.05","25.7","1","25.75","3","24.25"
"3189  ","景碩            ","322350","255","22930423","70.7","71.5","70.7","71.2","+","0.3","71.1","6","71.2","4","11.91"
"3209  ","全科            ","116372","70","2830386","24.25","24.4","24.25","24.3","+","0.05","24.3","2","24.4","5","9.64"
"3229  ","晟鈦            ","36000","24","405650","11.3","11.4","11.2","11.25","-","0.05","11.25","2","11.4","2","0.00"
"3231  ","緯創            ","21888470","7403","544198565","25.1","25.1","24.6","24.95"," ","0","24.9","111","24.95","8","45.36"
"3257  ","虹冠電          ","59347","36","2160425","36.2","36.5","36.2","36.35"," ","0","36.35","3","36.55","6","17.56"
"3266  ","昇陽            ","69000","21","793150","11.5","11.5","11.45","11.5"," ","0","11.45","11","11.5","12","0.00"
"3296  ","勝德            ","17050","15","213720","12.5","12.6","12.5","12.5","-","0.1","12.5","2","12.6","2","18.66"
"3305  ","昇貿            ","1377012","772","44312180","32.4","32.7","31.85","31.85","+","0.15","31.85","28","31.9","2","15.17"
"3308  ","聯德            ","61000","31","476580","7.8","7.97","7.76","7.77","-","0.04","7.77","2","7.88","5","0.00"
"3311  ","閎暉            ","417581","177","6290919","15.2","15.2","15","15.1","-","0.05","15.05","15","15.1","24","0.00"
"3312  ","弘憶股          ","202007","58","1468529","7.26","7.31","7.25","7.26"," ","0","7.26","12","7.28","1","0.00"
"3315  ","宣昶            ","59090","40","977902","16.7","16.75","16.4","16.75","+","0.05","16.7","5","16.75","8","16.58"
"3321  ","同泰            ","139400","58","1975090","14.25","14.25","14.1","14.2","-","0.05","14.2","3","14.25","8","0.00"
"3338  ","泰碩            ","1388009","776","46874806","32.95","34.45","32.8","33.7","+","1","33.7","14","33.8","8","13.87"
"3346  ","麗清            ","2775790","1808","166424790","57.1","62.8","57.1","61.5","+","4.4","61.1","5","61.5","1","40.46"
"3356  ","奇偶            ","204412","172","9867039","47.65","49.7","47.65","48.2","+","0.55","48.1","1","48.2","18","22.11"
"3376  ","新日興          ","1005303","628","82387057","82.5","82.6","81.4","82.6","+","0.5","82.5","2","82.6","19","13.98"
"3380  ","明泰            ","604635","314","11859580","19.5","19.75","19.5","19.6"," ","0","19.6","24","19.65","25","22.79"
"3383  ","新世紀          ","376060","94","1006305","2.71","2.75","2.57","2.61","-","0.09","2.59","4","2.61","72","0.00"
"3406  ","玉晶光          ","8321406","5285","914619566","109.5","112","107","112","+","2.5","111.5","5","112","197","0.00"
"3413  ","京鼎            ","814708","583","69481050","84.5","85.9","84.1","85.8","+","1.9","85.7","1","85.8","1","11.19"
"3416  ","融程電          ","98877","89","5171065","51.5","52.6","51.5","52.4","+","0.9","52.4","4","52.5","5","15.6"
"3419  ","譁裕            ","901797","241","14741478","16.45","16.45","16.25","16.45","+","0.15","16.4","25","16.45","26","149.55"
"3432  ","台端            ","23000","13","286300","12.5","12.5","12.4","12.4","-","0.1","12.4","8","12.5","6","0.00"
"3437  ","榮創            ","146000","68","3273550","22.4","22.5","22.3","22.4"," ","0","22.4","10","22.5","3","23.83"
"3443  ","創意            ","337999","236","26490620","78.6","79.4","77.7","78.5"," ","0","78.5","18","78.6","5","18.56"
"3450  ","聯鈞            ","1132211","858","146301719","129.5","130","128.5","129","-","0.5","128.5","283","129","6","11.39"
"3454  ","晶睿            ","878179","669","74120936","83.1","85.1","83.1","84","+","1.5","84","4","84.1","3","15.19"
"3481  ","群創            ","35716804","6415","413791345","11.55","11.65","11.5","11.6","+","0.05","11.6","2,905","11.65","2,726","0.00"
"3494  ","誠研            ","169002","77","2115124","12.5","12.6","12.4","12.45","-","0.05","12.45","18","12.55","23","0.00"
"3501  ","維熹            ","98852","80","5029010","51.3","51.3","50.7","50.9","-","0.2","50.9","12","51","6","9.32"
"3504  ","揚明光          ","132000","79","3435350","26.1","26.2","25.9","26","+","0.15","25.95","6","26.1","2","0.00"
"3514  ","昱晶            ","9542144","3313","186146932","19.35","19.7","19.25","19.35","+","0.25","19.35","239","19.4","18","0.00"
"3515  ","華擎            ","29668","27","1105432","37.15","37.5","37.15","37.35"," ","0","37.3","13","37.5","2","20.64"
"3518  ","柏騰            ","31110","15","674657","21.6","21.85","21.6","21.8","+","0.2","21.7","5","21.8","11","0.00"
"3519  ","綠能            ","2509956","879","40654489","16.05","16.35","16.05","16.1","+","0.2","16.1","272","16.15","2","0.00"
"3528  ","安馳            ","17162","19","494171","28.7","28.85","28.65","28.85"," ","0","28.8","1","28.85","3","10.61"
"3532  ","台勝科          ","1476380","1094","96733700","64","66.8","64","65","+","1.3","65","6","65.1","24","77.38"
"3533  ","嘉澤            ","966090","782","91500514","95","95.9","93.2","95.2","+","2.6","95.2","3","95.3","8","15.06"
"3535  ","晶彩科          ","3646777","1317","64525597","17.6","18.05","17.45","17.7","+","0.3","17.65","12","17.7","24","0.00"
"3536  ","誠創            ","184986","66","3250855","17.7","17.7","17.5","17.55","-","0.2","17.5","11","17.55","8","0.00"
"3545  ","敦泰            ","6108640","2613","216641250","35.75","36.05","35.1","35.2","+","0.4","35.2","90","35.3","16","110"
"3550  ","聯穎            ","196000","103","2932400","14.9","15.15","14.8","14.85","+","0.1","14.8","12","14.95","1","16.14"
"3557  ","嘉威            ","133724","57","812114","6.1","6.26","6","6.02","-","0.08","6.02","2","6.09","6","0.00"
"3559  ","全智科          ","60001","23","1402073","23.4","23.45","23.35","23.45","+","0.05","23.35","132","23.45","43","12.15"
"3561  ","昇陽光電        ","4357368","1787","65610551","14.8","15.25","14.75","15.1","+","0.6","15.05","24","15.1","9","100.67"
"3576  ","新日光          ","5419711","1980","81930615","15.05","15.2","15","15.1","+","0.25","15.1","80","15.15","115","0.00"
"3579  ","尚志            ","193631","91","2088082","10.6","10.9","10.6","10.9","+","0.3","10.75","23","10.9","19","0.00"
"3583  ","辛耘            ","223000","109","13453900","60","61","59.2","59.9","+","0.1","59.9","5","60","4","16.69"
"3588  ","通嘉            ","1024150","675","37637148","36.8","37.45","36.4","36.4","-","0.4","36.35","5","36.4","1","18.48"
"3591  ","艾笛森          ","120636","81","1615076","13.15","13.6","13.15","13.3","+","0.15","13.3","9","13.4","1","0.00"
"3593  ","力銘            ","118013","39","788795","6.6","6.77","6.6","6.65","+","0.05","6.65","3","6.7","5","0.00"
"3596  ","智易            ","1305126","771","74265082","57.1","57.3","56.6","57","+","0.3","56.9","25","57","6","8.03"
"3605  ","宏致            ","146004","105","3617598","24.85","24.85","24.65","24.65"," ","0","24.65","8","24.8","1","21.43"
"3607  ","谷崧            ","177014","116","5907913","33.4","33.8","33.1","33.1","-","0.3","33.1","39","33.2","6","0.00"
"3617  ","碩天            ","104200","94","10368500","100.5","101","99","99.5","-","1","99.5","2","99.9","1","12.36"
"3622  ","洋華            ","853447","294","10448650","11.95","12.45","11.95","12.25","+","0.35","12.25","18","12.3","17","0.00"
"3645  ","達邁            ","176782","108","5658043","32.4","32.4","31.8","31.9","-","0.35","31.9","2","32","13","27.5"
"3653  ","健策            ","46000","45","2190900","47.5","47.95","47.5","47.5"," ","0","47.5","9","47.7","1","34.17"
"3661  ","世芯-KY         ","575000","356","18117050","32","32.1","31.2","31.25","-","0.25","31.25","67","31.3","3","0.00"
"3665  ","貿聯-KY         ","393880","286","65636138","166.5","168","165.5","166.5","+","1","166.5","11","167","1","20.18"
"3669  ","圓展            ","684000","19","13682000","20.15","20.15","19.95","20","-","0.1","20","3","20.1","7","19.23"
"3673  ","TPK-KY          ","3555150","1930","211175710","59.2","59.8","59.1","59.5","+","0.5","59.5","17","59.6","43","0.00"
"3679  ","新至陞          ","117230","100","8322130","70.3","71.3","70.3","70.8","+","0.8","70.8","54","71.2","3","9.99"
"3682  ","亞太電          ","4594166","1273","47352108","10.25","10.35","10.25","10.35","+","0.15","10.3","1,086","10.35","200","0.00"
"3686  ","達能            ","3285045","1003","23777854","7.15","7.31","7.13","7.21","+","0.12","7.21","3","7.22","13","0.00"
"3694  ","海華            ","83907","51","1177881","14.05","14.15","13.95","14","+","0.1","13.95","8","14.05","5","14.14"
"3698  ","隆達            ","1210627","501","15971076","13.3","13.35","13.1","13.2"," ","0","13.2","24","13.25","70","0.00"
"3701  ","大眾控          ","121293","84","827548","6.8","6.96","6.7","6.96","+","0.18","6.76","12","6.96","3","0.00"
"3702  ","大聯大          ","1897824","1059","72026542","37.8","38.05","37.75","38","+","0.4","37.95","15","38","165","10.33"
"3703  ","欣陸            ","87310","39","912172","10.4","10.45","10.4","10.45","+","0.05","10.4","84","10.45","1","65.31"
"3704  ","合勤控          ","364349","208","5311456","14.5","14.7","14.5","14.55","+","0.05","14.55","11","14.65","1","161.67"
"3705  ","永信            ","68783","64","3140610","45.6","45.8","45.6","45.65","+","0.15","45.55","1","45.65","3","14.09"
"3706  ","神達            ","2694433","1088","83229390","30.65","31.05","30.65","31","+","0.2","30.95","11","31","43","13.03"
"3708  ","上緯投控        ","1405237","1032","105267289","73.3","76.3","72.9","73.8","+","1.4","73.8","3","74.1","1","0.00"
"4104  ","佳醫            ","194379","143","8767829","44.95","45.25","44.8","45.2","+","0.25","45.2","3","45.25","10","13.95"
"4106  ","雃博            ","121000","75","4105550","34.15","34.15","33.85","33.85"," ","0","33.85","4","33.9","3","18.5"
"4108  ","懷特            ","2000364","1136","62025319","30.65","31.4","30.55","30.55","+","0.05","30.55","10","30.6","1","0.00"
"4119  ","旭富            ","681085","501","51908193","75.8","76.7","75.7","76.4","+","0.8","76.3","3","76.4","3","13.67"
"4133  ","亞諾法          ","236305","55","8671371","36.95","36.95","36.65","36.75","+","0.05","36.65","1","36.8","3","46.52"
"4137  ","麗豐-KY         ","1468251","1167","221761024","149","153","148","150.5","+","3","150.5","80","151","3","11.54"
"4141  ","龍燈-KY         ","202000","140","6674300","32.8","33.2","32.8","33.2","+","0.4","33.15","1","33.2","5","7.17"
"4142  ","國光生          ","541001","284","12446322","22.85","23.25","22.8","22.85","+","0.05","22.85","18","22.95","13","0.00"
"4144  ","康聯-KY         ","67000","49","3403300","51","51","50.5","50.6","-","0.3","50.6","12","50.7","1","17.15"
"4164  ","承業醫          ","106318","80","4682009","43.6","44.3","43.6","43.8"," ","0","43.8","11","44","4","46.11"
"4190  ","佐登-KY         ","110000","106","9259600","83.5","84.6","83.5","84.2","+","0.7","84.2","1","84.3","4","18.79"
"4306  ","炎洲            ","153344","90","1869305","12.2","12.25","12.15","12.2","-","0.05","12.15","52","12.2","6","61"
"4414  ","如興            ","504490","235","8894599","17.55","17.8","17.35","17.55","+","0.05","17.55","5","17.6","10","0.00"
"4426  ","利勤            ","361318","306","38651208","104.5","109","104.5","107.5","+","3","107.5","6","108","22","17.12"
"4438  ","廣越            ","89010","81","12931940","144","146.5","144","144"," ","0","144","21","145","1","15.02"
"4526  ","東台            ","158209","67","3384500","21.5","21.5","21.35","21.35","-","0.05","21.35","1","21.4","4","355.83"
"4532  ","瑞智            ","1828515","825","57677823","31.55","31.7","31.3","31.6","+","0.05","31.55","6","31.6","15","12.74"
"4536  ","拓凱            ","24000","22","2425000","103","103","100.5","100.5","-","1","100.5","7","101","2","13.77"
"4545  ","銘鈺            ","34050","21","1438182","42.5","42.5","42.2","42.25","-","0.1","42.25","2","42.5","1","14.32"
"4551  ","智伸科          ","183000","143","24220500","131","133.5","131","133","+","0.5","132","1","133","3","27.2"
"4552  ","力達-KY         ","140100","92","15562650","111","112","110.5","111","+","0.5","110.5","34","111","1","11.42"
"4555  ","氣立            ","12000","9","725800","59.5","60.6","59.5","60.6","+","0.5","59.8","1","60.5","1","29.28"
"4557  ","永新-KY         ","689103","475","49868228","72","73.2","71.3","72.8","+","0.5","72.7","3","72.8","4","11.95"
"4720  ","德淵            ","62645","34","932008","14.85","14.9","14.8","14.85"," ","0","14.8","9","14.9","3","17.68"
"4722  ","國精化          ","177000","142","6004300","33.95","34.15","33.75","33.8","-","0.2","33.8","8","33.85","2","8.83"
"4725  ","信昌化          ","2331050","1112","51385984","21.9","22.4","21.75","21.8","+","0.1","21.8","10","21.85","1","0.00"
"4737  ","華廣            ","58773","46","3260100","55.2","55.9","55.1","55.9","+","0.8","55.2","2","55.9","1","24.84"
"4746  ","台耀            ","2036867","1363","202257551","99","100.5","98.2","99.8","+","1","99.7","3","99.8","21","19.38"
"4755  ","三福化          ","35006","20","1069182","30.55","30.6","30.4","30.45","-","0.1","30.45","1","30.5","11","9.64"
"4763  ","材料-KY         ","79100","52","9336700","118","118.5","118","118"," ","0","118","47","118.5","2","19.87"
"4904  ","遠傳            ","3169798","2065","229366045","71.9","72.6","71.5","72.5","+","1.2","72.4","4","72.5","506","20.83"
"4906  ","正文            ","1890200","802","44423355","23.5","23.7","23.25","23.55","+","0.2","23.5","91","23.55","7","17.19"
"4912  ","聯德控股-KY     ","84000","54","6628800","78.1","79.2","78.1","78.8","+","1.3","78.5","8","78.8","4","28.86"
"4915  ","致伸            ","2193726","1216","96128537","43.4","44.15","43.3","44.1","+","0.7","44.05","27","44.1","44","10.18"
"4916  ","事欣科          ","261799","211","8671204","32.75","33.4","32.75","33.05","+","0.3","33","8","33.05","1","23.44"
"4919  ","新唐            ","545071","329","20899837","38","38.8","37.85","38.7","+","0.85","38.65","1","38.7","11","14.66"
"4927  ","泰鼎-KY         ","39509","34","1195296","30.2","30.3","30.2","30.25","+","0.1","30.2","20","30.25","10","7.78"
"4930  ","燦星網          ","106038","43","1382488","13","13.1","12.95","13"," ","0","13","17","13.1","12","46.43"
"4934  ","太極            ","8214038","3253","117186939","13.85","14.65","13.85","14.45","+","0.8","14.45","52","14.5","72","46.61"
"4935  ","茂林-KY         ","1017869","759","70573745","69.8","70","68.7","69.6"," ","0","69.5","6","69.6","5","9.9"
"4938  ","和碩            ","3577659","2435","275382567","77.2","77.5","76.5","77","+","0.4","76.9","13","77","71","9.77"
"4942  ","嘉彰            ","258366","156","6839472","26.25","26.7","26.1","26.55","+","0.35","26.55","7","26.6","10","20.11"
"4943  ","康控-KY         ","188000","155","11907900","62.5","63.7","62.5","63.7","+","1.2","63.4","1","63.7","1","38.37"
"4952  ","凌通            ","166100","105","6212805","37.35","37.5","37.3","37.35","+","0.1","37.35","11","37.4","1","9.6"
"4956  ","光鋐            ","1539000","673","30821000","20.2","20.2","19.95","20.05","+","0.05","20","23","20.05","153","0.00"
"4958  ","臻鼎-KY         ","1012300","697","64498140","63.6","64","63.4","63.8","+","0.3","63.7","4","63.8","40","10.87"
"4960  ","奇美材          ","9802241","3059","133717884","13.7","13.9","13.45","13.65","-","0.25","13.65","46","13.7","131","0.00"
"4968  ","立積            ","122000","99","7026600","57.6","58.1","57","57.4","+","0.4","57.4","1","57.5","1","25.51"
"4976  ","佳凌            ","357253","191","8639758","23.65","24.55","23.65","24","+","0.25","24","13","24.05","4","0.00"
"4977  ","眾達-KY         ","995940","758","83682222","82.5","85","82.5","85","+","3","84.4","3","85","67","15.71"
"4984  ","科納-KY         ","723000","486","42194900","58.4","59.2","57.5","58.6","+","0.4","58.6","7","58.7","2","7.97"
"4994  ","傳奇            ","194030","157","13076733","67.3","68","66.8","67.9","+","0.6","67.8","1","68","5","0.00"
"4999  ","鑫禾            ","74100","78","3916200","53","53","52.7","52.7","-","0.3","52.7","7","52.8","2","9.04"
"5007  ","三星            ","41100","43","2257459","54.9","55","54.9","54.9","+","0.1","54.8","2","54.9","14","15.25"
"5203  ","訊連            ","222053","149","16785128","70.8","77.6","70.6","77.6","+","7","72.1","5","77.6","29","21.92"
"5215  ","科嘉-KY         ","7100","8","201060","28.1","28.35","28.1","28.35","+","0.55","27.5","1","28.4","4","14.54"
"5225  ","東科-KY         ","20000","12","627750","31.5","31.5","31.3","31.3","-","0.05","31.3","1","31.5","16","12.52"
"5234  ","達興材料        ","47000","36","1702350","36","36.4","36","36.4","-","0.1","36.3","1","36.4","2","11.52"
"5243  ","乙盛-KY         ","1121050","694","43869602","39.7","39.7","38.6","38.8","-","0.45","38.8","45","38.85","1","18.74"
"5258  ","虹堡            ","3564520","2456","154458517","44.8","45","41.15","41.95","X","0","41.95","15","42","29","9.73"
"5259  ","清惠            ","34215","22","156366","4.43","4.79","4.43","4.52","-","0.2","4.5","13","4.56","5","0.00"
"5264  ","鎧勝-KY         ","699650","526","59970920","85.6","86.1","85.2","85.9","+","0.3","85.8","22","85.9","14","7.52"
"5269  ","祥碩            ","819211","696","220781997","267","272","265.5","270","+","3","270","49","270.5","2","51.23"
"5285  ","界霖            ","87100","47","3053640","35.3","35.35","34.8","35.15","+","0.05","35.15","13","35.2","2","22.25"
"5288  ","豐祥-KY         ","109260","102","8701374","80","80","79.4","79.8","+","0.4","79.8","2","79.9","2","11.1"
"5305  ","敦南            ","2419971","1124","57821614","23.7","24.2","23.65","23.65","+","0.15","23.65","35","23.7","2","24.38"
"5388  ","中磊            ","763584","475","58792615","76.6","77.5","76.5","77.1","+","0.4","77.1","16","77.2","3","13.25"
"5434  ","崇越            ","959650","712","80755300","83.4","84.7","83.1","84.4","+","1.6","84.2","10","84.4","8","12.34"
"5469  ","瀚宇博          ","2273903","908","40203740","17.9","17.9","17.6","17.6","-","0.1","17.6","230","17.65","23","12.22"
"5471  ","松翰            ","130877","99","4165364","31.85","32.05","31.7","32","+","0.15","31.9","5","32","5","18.82"
"5484  ","慧友            ","200017","75","1293649","6.57","6.58","6.42","6.54","-","0.05","6.45","18","6.54","10","0.00"
"5515  ","建國            ","262369","46","2275972","8.68","8.7","8.65","8.69","+","0.01","8.67","15","8.69","3","0.00"
"5519  ","隆大            ","62060","14","648880","10.5","10.5","10.4","10.45"," ","0","10.45","1","10.5","34","9.5"
"5521  ","工信            ","352621","96","3492973","9.85","9.99","9.83","9.92","+","0.07","9.91","10","9.92","19","41.33"
"5522  ","遠雄            ","313158","227","11552856","36.5","37","36.5","36.95","+","0.55","36.8","49","36.95","27","4.97"
"5525  ","順天            ","39681","33","560097","14","14.25","14","14.2","+","0.05","14.2","3","14.25","2","355"
"5531  ","鄉林            ","240365","102","2483207","10.4","10.4","10.2","10.35","+","0.1","10.35","19","10.4","20","27.97"
"5533  ","皇鼎            ","226639","55","3620208","15.7","16","15.65","16","+","0.2","15.8","3","16","7","19.28"
"5534  ","長虹            ","821625","583","52209858","62.8","64.2","62.6","63.6","+","1.5","63.6","57","63.8","1","7.13"
"5538  ","東明-KY         ","14000","9","407950","29.3","29.3","28.95","29.25","+","0.3","28.95","3","29.25","1","16.43"
"5607  ","遠雄港          ","122932","37","1756984","14.2","14.35","14.2","14.35","+","0.1","14.3","4","14.35","1","14.21"
"5608  ","四維航          ","261512","110","2300833","8.76","8.86","8.75","8.83","+","0.07","8.83","6","8.85","8","0.00"
"5706  ","鳳凰            ","22410","20","769579","34.15","34.45","34.15","34.3","-","0.2","34.3","1","34.4","15","13.94"
"5871  ","中租-KY         ","1835500","1040","100816842","54.2","55.1","54.2","55.1","+","0.7","55","17","55.1","175","8.76"
"5880  ","合庫金          ","7770475","2153","109064550","14","14.1","13.95","14.05","+","0.1","14","1,524","14.05","13","12.01"
"5906  ","台南-KY         ","6179","5","36543","6","6","6","6","+","0.2","5.8","7","6.3","1","0.00"
"5907  ","大洋-KY         ","162000","62","3486400","21.5","21.75","21.4","21.6","+","0.2","21.45","1","21.6","1","18.78"
"6005  ","群益證          ","21038529","2213","202361693","9.45","9.74","9.45","9.69","+","0.25","9.69","279","9.7","315","13.09"
"6108  ","競國            ","489785","294","13400546","27.5","27.55","27.2","27.35","+","0.1","27.3","2","27.35","24","7.39"
"6112  ","聚碩            ","37191","31","992035","26.65","26.75","26.6","26.75","+","0.1","26.7","1","26.75","3","11.38"
"6115  ","鎰勝            ","76023","42","3385626","44.5","44.65","44.4","44.5","+","0.1","44.5","10","44.6","8","12.19"
"6116  ","彩晶            ","97071656","13276","761390570","7.92","7.93","7.78","7.86","-","0.09","7.86","1","7.87","277","0.00"
"6117  ","迎廣            ","8000","4","104750","13.05","13.2","13.05","13.2","+","0.2","13.05","1","13.2","2","0.00"
"6120  ","達運            ","140774","62","1802424","12.8","12.9","12.75","12.75","-","0.05","12.75","67","12.85","9","0.00"
"6128  ","上福            ","18000","11","757900","42.2","42.3","41.9","41.9","-","0.2","41.85","1","42.1","1","9.23"
"6131  ","悠克            ","421233","89","5399741","12.5","13.15","12.5","12.85","+","0.35","12.85","59","12.9","11","0.00"
"6133  ","金橋            ","10399","12","95090","9.1","9.23","9.07","9.23","+","0.16","9.12","2","9.2","1","184.6"
"6136  ","富爾特          ","83404","42","1988683","23.85","23.9","23.8","23.85"," ","0","23.85","12","23.9","15","10.94"
"6139  ","亞翔            ","35304319","15678","1289593754","35.8","38.2","35.3","37.5","+","2.7","37.5","116","37.55","12","18.47"
"6141  ","柏承            ","69100","28","722845","10.4","10.5","10.4","10.45"," ","0","10.4","17","10.45","8","0.00"
"6142  ","友勁            ","876381","221","5388099","6.22","6.22","6.1","6.1","-","0.06","6.1","26","6.12","2","16.05"
"6145  ","勁永            ","14911631","3645","144358226","9.28","9.87","9.23","9.86","+","0.88","9.85","3","9.86","5","986"
"6152  ","百一            ","152672","83","1521851","9.98","10","9.93","9.99","+","0.06","9.98","10","10","50","0.00"
"6153  ","嘉聯益          ","794093","335","14251524","17.9","18.1","17.9","17.95","+","0.05","17.9","26","17.95","54","23.01"
"6155  ","鈞寶            ","4020","5","70348","17.5","17.5","17.5","17.5"," ","0","17.4","2","17.7","5","24.65"
"6164  ","華興            ","525384","170","7543657","14.25","14.45","14.25","14.45","+","0.15","14.45","34","14.5","29","12.25"
"6165  ","捷泰            ","54110","27","829172","15.3","15.7","15.15","15.4","+","0.1","15.4","2","15.65","7","0.00"
"6166  ","凌華            ","183200","135","11237880","61","61.7","61","61.1","+","0.1","61.1","45","61.3","1","44.93"
"6168  ","宏齊            ","797925","345","8608938","10.75","10.85","10.75","10.85","+","0.25","10.8","18","10.85","12","0.00"
"6172  ","互億            ","4171","6","45938","11","11","11","11","+","0.3","11.05","2","11.6","1","183.33"
"6176  ","瑞儀            ","2318830","1289","130602625","56.5","56.8","56","56.2","-","0.2","56.1","88","56.2","47","7.58"
"6177  ","達麗            ","159435","107","3151288","19.4","20.5","19.4","19.5","+","0.1","19.45","10","19.7","1","4.85"
"6183  ","關貿            ","69000","20","1771500","25.75","25.8","25.65","25.65","-","0.05","25.65","11","25.8","12","24.2"
"6184  ","大豐電          ","71169","52","2314972","32.7","32.7","32.4","32.65","+","0.2","32.5","1","32.65","1","0.00"
"6189  ","豐藝            ","25453","26","775887","30.3","30.6","30.3","30.5","+","0.1","30.5","4","30.55","2","12.71"
"6191  ","精成科          ","2261484","742","28026948","12.3","12.55","12.25","12.45","+","0.15","12.35","12","12.45","85","59.29"
"6192  ","巨路            ","70000","62","3684500","52.6","52.9","52.4","52.7","+","0.1","52.7","9","52.8","9","10.58"
"6196  ","帆宣            ","752500","257","21267550","28.2","28.4","28.1","28.25","+","0.1","28.2","24","28.25","2","9.29"
"6197  ","佳必琪          ","704731","365","20045560","28.2","28.7","28.1","28.3","+","0.25","28.3","11","28.35","7","16.08"
"6201  ","亞弘電          ","21000","19","648150","30.85","30.9","30.8","30.9","+","0.15","30.8","8","30.9","5","11.49"
"6202  ","盛群            ","170018","134","8358990","48.65","49.45","48.65","49.45","+","0.85","49.3","1","49.45","14","14.29"
"6205  ","詮欣            ","86205","43","2530065","29.35","29.4","29.3","29.3"," ","0","29.3","13","29.4","2","9.27"
"6206  ","飛捷            ","87124","83","8204765","93.6","95.1","93.6","94.1","+","0.5","94.1","14","94.8","2","15.01"
"6209  ","今國光          ","450558","253","9206055","20.65","20.65","20.3","20.45","-","0.05","20.45","8","20.5","43","0.00"
"6213  ","聯茂            ","147778","97","4899448","33.2","33.3","33","33.3","+","0.25","33.25","12","33.3","9","10.57"
"6214  ","精誠            ","645000","440","37226300","57.8","58.2","57.2","58.1","+","0.8","58","10","58.1","30","11.83"
"6215  ","和椿            ","252010","101","3074071","12.2","12.25","12.15","12.25","+","0.1","12.2","12","12.25","15","38.28"
"6216  ","居易            ","240600","137","7196079","30.2","30.2","29.75","29.8","-","0.3","29.8","20","29.9","25","10.38"
"6224  ","聚鼎            ","68627","46","3988913","58.1","58.4","58","58.4","+","0.4","58.3","2","58.5","3","11.15"
"6225  ","天瀚            ","1311","3","4285","--","--","--","--"," ","0","3.4","20","3.54","1","0.00"
"6226  ","光鼎            ","305048","113","2055281","6.83","6.85","6.66","6.78","+","0.02","6.76","10","6.78","6","0.00"
"6230  ","超眾            ","1249336","887","167288360","135.5","135.5","133","133.5","-","0.5","133","50","133.5","6","13.05"
"6235  ","華孚            ","1236185","531","24645111","19.9","20.1","19.85","19.85","-","0.15","19.85","131","19.95","6","20.68"
"6239  ","力成            ","1948422","1571","168469200","85.1","87","84.4","87","+","2.6","86.9","10","87","81","14.67"
"6243  ","迅杰            ","122501","69","1716314","13.9","14.1","13.9","14.05","+","0.15","14","2","14.05","7","0.00"
"6251  ","定穎            ","177006","94","1552772","8.71","8.8","8.71","8.78","+","0.05","8.77","2","8.78","4","0.00"
"6257  ","矽格            ","402224","171","9373316","23.35","23.4","23.25","23.3"," ","0","23.25","26","23.3","50","11.42"
"6269  ","台郡            ","952363","662","80782329","84.6","85.2","84.6","84.8"," ","0","84.8","1","84.9","28","11.25"
"6271  ","同欣電          ","917464","694","100091076","107","110","107","110","+","3","109.5","10","110","36","18.55"
"6277  ","宏正            ","55237","43","4434787","80.4","80.6","80","80.2","+","0.2","80.1","13","80.2","1","12.21"
"6278  ","台表科          ","245876","154","6481400","26.3","26.45","26.25","26.4","+","0.1","26.35","14","26.4","5","11.95"
"6281  ","全國電          ","63342","44","4031282","61.5","64.2","61.5","64.2","+","2.7","62.1","10","64.2","8","12.49"
"6282  ","康舒            ","5154857","1913","123530079","23.8","24.2","23.7","24.05","+","0.25","24","115","24.05","62","22.69"
"6283  ","淳安            ","2885119","1430","80170260","27.65","28.3","27.45","27.55","-","0.2","27.5","42","27.55","49","40.51"
"6285  ","啟碁            ","960115","764","82821020","86.4","86.5","85.8","86.3","+","0.5","86.3","20","86.4","16","14.55"
"6289  ","華上            ","280109","42","552654","1.96","2","1.9","2","+","0.06","1.93","35","2","98","0.00"
"6405  ","悅城            ","18000","17","293600","16.2","16.5","16.15","16.5","+","0.05","16.2","4","16.5","6","0.00"
"6409  ","旭隼            ","26605","29","11811275","441","445.5","441","445.5","+","0.5","444","1","445.5","1","25.11"
"6412  ","群電            ","1274438","519","63464361","48.85","50","48.85","50","+","1","50","187","50.1","20","18.73"
"6414  ","樺漢            ","347110","299","143961700","419.5","422.5","412","412","-","7","412","29","415","31","31.33"
"6415  ","矽力-KY         ","167345","166","76343682","457","460","454","454","-","1","453.5","1","454","15","26.8"
"6422  ","君耀-KY         ","145349","120","9838083","67.6","68.3","67.3","67.3","-","0.3","67.3","11","67.6","1","9.67"
"6431  ","光麗-KY         ","13005","9","104230","8.05","8.11","7.96","8","-","0.12","7.97","1","8.11","4","0.00"
"6442  ","光聖            ","67050","54","3168857","47.05","47.4","47.05","47.2","+","0.15","47.2","4","47.3","4","10.24"
"6443  ","元晶            ","4174029","1215","43315240","10.2","10.55","10.2","10.35","+","0.25","10.3","189","10.35","27","26.54"
"6449  ","鈺邦            ","206100","92","6278070","30.15","30.7","30.15","30.7","+","0.55","30.6","13","30.7","59","11.63"
"6451  ","訊芯-KY         ","1238151","955","125118351","99.5","102","99.4","101.5","+","2.3","101.5","21","102","104","10.32"
"6452  ","康友-KY         ","375252","333","159936860","427","428.5","423","426","+","4","426","5","426.5","9","27.7"
"6456  ","GIS-KY          ","1219350","874","111924460","91.5","92.6","91.5","91.5","-","0.3","91.5","32","91.6","11","11.81"
"6464  ","台數科          ","26000","11","3239000","125","125","124.5","124.5","X","0","124.5","4","125","7","20.11"
"6477  ","安集            ","59105","39","1109153","18.95","19","18.6","18.6","-","0.15","18.55","2","18.75","1","25.14"
"6504  ","南六            ","29000","22","4388000","151.5","151.5","150.5","151.5","+","1.5","151","2","152","15","20.36"
"6505  ","台塑化          ","4863311","2699","539181521","108","112.5","107.5","112","+","5.5","112","351","112.5","88","16.28"
"6525  ","捷敏-KY         ","201500","134","10572650","52.9","52.9","52.2","52.5"," ","0","52.5","3","52.7","10","10.29"
"6531  ","愛普            ","167000","123","12060000","72.6","72.6","71.8","72.2"," ","0","72.2","5","72.3","3","9.68"
"6605  ","帝寶            ","57761","59","4953385","85.5","85.9","85.5","85.7","+","0.2","85.7","3","85.8","2","12.55"
"6702  ","興航            ","7018805","425","4851429","0.7","0.7","0.65","0.7","+","0.06","0.69","39","0.7","305","0.00"
"8011  ","台通            ","1772611","884","37715341","21.9","21.9","21","21.2","-","0.25","21.15","5","21.2","24","58.89"
"8016  ","矽創            ","418065","315","42990195","102.5","103.5","102","102.5","+","0.5","102.5","17","103","14","12.32"
"8021  ","尖點            ","261001","147","5106619","19.6","19.65","19.45","19.6","+","0.1","19.55","6","19.6","20","10.83"
"8033  ","雷虎            ","132724","55","1128793","8.48","8.69","8.48","8.6","+","0.07","8.52","3","8.6","17","0.00"
"8039  ","台虹            ","303167","176","10295828","33.85","34.1","33.85","33.95","+","0.25","33.95","1","34","26","13.47"
"8046  ","南電            ","488428","256","12158081","24.85","25.2","24.65","24.65","-","0.15","24.65","23","24.7","2","0.00"
"8070  ","長華            ","271227","238","36128803","134","134.5","132","134"," ","0","133.5","3","134","5","10.48"
"8072  ","陞泰            ","93105","61","2077275","22.15","22.6","22.1","22.25","+","0.2","22.2","8","22.25","3","41.2"
"8081  ","致新            ","158191","123","10968236","69.2","69.8","69","69.6","+","0.8","69.5","23","69.7","3","15.93"
"8101  ","華冠            ","144208","48","742059","5.12","5.16","5.12","5.15"," ","0","5.14","1","5.15","7","0.00"
"8103  ","瀚荃            ","51828","44","1424368","27.6","27.6","27.45","27.45"," ","0","27.45","5","27.5","6","13.01"
"8105  ","凌巨            ","2033002","673","32414930","16.05","16.2","15.8","15.9","-","0.1","15.85","79","15.9","280","15.14"
"8110  ","華東            ","1378020","437","16127940","11.85","11.9","11.65","11.7","-","0.1","11.65","103","11.7","1","26.59"
"8112  ","至上            ","6611098","1942","164935579","25.05","25.15","24.7","24.9"," ","0","24.85","512","24.9","18","9.84"
"8114  ","振樺電          ","67757","69","11949989","176","177","175","177","+","2","175.5","2","177","16","23.11"
"8131  ","福懋科          ","140055","69","3290406","23.5","23.6","23.4","23.55","+","0.1","23.5","8","23.55","28","9.73"
"8150  ","南茂            ","973943","649","22654829","23.4","23.4","23.15","23.25","-","0.1","23.25","19","23.3","1","14.9"
"8163  ","達方            ","569485","310","12154981","21.35","21.4","21.3","21.35"," ","0","21.35","45","21.4","132","17.22"
"8201  ","無敵            ","2198","6","17901","8.11","8.19","8.11","8.19","+","0.09","8.05","11","8.22","1","0.00"
"8210  ","勤誠            ","58100","52","3008920","51.8","52.2","51.6","51.8"," ","0","51.8","2","52","1","10.61"
"8213  ","志超            ","950346","299","28629346","30.3","30.35","30.05","30.05","-","0.25","30.05","62","30.35","4","10.08"
"8215  ","明基材          ","1637443","598","24628149","15.15","15.2","14.95","14.95","-","0.25","14.95","37","15.05","65","0.00"
"8222  ","寶一            ","88432","70","2173498","24.9","24.9","24.5","24.55","+","0.15","24.55","2","24.65","12","21.73"
"8249  ","菱光            ","137001","71","2874621","20.9","21.05","20.9","21","+","0.1","20.9","7","21","5","12"
"8261  ","富鼎            ","12536","23","276308","22.15","22.2","21.95","21.95","+","0.05","21.95","10","22.1","4","30.49"
"8271  ","宇瞻            ","194405","132","6409767","33.15","33.15","32.8","32.95","+","0.05","32.95","1","33","8","10.91"
"8341  ","日友            ","167164","155","18938696","113.5","114","112.5","113","-","0.5","112.5","101","113.5","2","21.52"
"8374  ","羅昇            ","1697130","1008","32413757","19.35","19.6","18.85","18.9","-","0.3","18.9","7","18.95","19","0.00"
"8404  ","百和興業-KY     ","164618","107","6123266","37.4","37.4","37.1","37.25","+","0.2","37.2","1","37.25","16","19.2"
"8411  ","福貞-KY         ","819544","451","28176157","34.95","34.95","34.05","34.3","+","0.05","34.3","19","34.4","4","13.61"
"8422  ","可寧衛          ","88300","75","14456100","163.5","164.5","163","164.5","+","1","164","4","164.5","17","12.28"
"8427  ","基勝-KY         ","28015","25","1821381","64.8","65.3","64.8","65.1","-","0.1","65.1","1","65.2","2","7.59"
"8429  ","金麗-KY         ","1878265","476","67023653","35.7","35.8","35.55","35.6"," ","0","35.55","17","35.6","6","6.37"
"8442  ","威宏-KY         ","86000","35","4113350","47.9","48","47.7","48"," ","0","47.9","2","48","33","8.79"
"8443  ","阿瘦            ","41003","30","721703","17.65","17.65","17.55","17.65","-","0.05","17.65","3","17.8","2","25.58"
"8454  ","富邦媒          ","33000","33","6411000","193.5","195.5","193.5","194","+","1","194","3","195","7","23.6"
"8463  ","潤泰材          ","81200","55","1412680","17.4","17.5","17.3","17.3","-","0.3","17.3","7","17.5","6","20.12"
"8464  ","億豐            ","322310","275","107200490","331","334.5","329","332.5","+","5.5","332.5","22","333","9","28.25"
"8466  ","美吉吉-KY       ","64200","64","7821600","122.5","122.5","121","121"," ","0","121","3","121.5","10","16.26"
"8467  ","波力-KY         ","4000","4","131100","32.5","32.9","32.5","32.9","+","0.9","32.25","1","32.85","1","13.27"
"8473  ","山林水          ","78248","62","4066019","52.1","52.1","51.9","51.9","-","0.2","51.9","16","52","1","17.47"
"8488  ","吉源-KY         ","73034","46","3205935","43.8","44.1","43.8","43.9","+","0.1","43.9","1","43.95","1","12.19"
"8926  ","台汽電          ","612527","300","13614396","22.1","22.3","22.1","22.3","+","0.2","22.25","4","22.3","144","15.59"
"8940  ","新天地          ","37100","13","531225","14.4","14.4","14.2","14.35","-","0.05","14.25","3","14.4","1","47.83"
"8996  ","高力            ","132200","113","7377700","56","56","55.6","55.8","+","0.3","55.8","7","56","14","14.46"
"9103  ","美德醫療-DR     ","187000","32","334330","1.79","1.8","1.78","1.8","+","0.01","1.79","234","1.8","156","0.00"
"910322","康師傅-DR       ","10000","4","195000","19.5","19.5","19.5","19.5","+","0.15","19.25","10","19.5","23","0.00"
"910482","聖馬丁-DR       ","1397","3","1003","0.73","0.73","0.73","0.73","-","0.03","0.76","20","0.79","2","0.00"
"9105  ","泰金寶-DR       ","693711","154","2031443","2.93","2.94","2.92","2.94","+","0.03","2.93","46","2.94","122","0.00"
"9106  ","新焦點-DR       ","4000","2","6780","1.7","1.7","1.68","1.68","-","0.11","1.76","20","1.96","2","0.00"
"910708","恒大健-DR       ","0","0","0","--","--","--","--"," ","0","293","1","--","0","0.00"
"910801","金衛-DR         ","309500","108","1332140","4.29","4.37","4.26","4.35","+","0.07","4.34","10","4.35","6","0.00"
"910861","神州-DR         ","12000","6","146500","12.35","12.35","12.15","12.15","-","0.05","12.1","3","12.3","2","0.00"
"9110  ","越南控-DR       ","0","0","0","--","--","--","--"," ","0","3.7","4","3.8","6","0.00"
"911608","明輝-DR         ","13000","4","32550","2.5","2.55","2.5","2.55","-","0.01","2.51","1","2.55","27","0.00"
"911616","杜康-DR         ","65000","6","126710","1.95","1.97","1.93","1.97","+","0.02","1.95","1","1.97","4","0.00"
"911619","耀傑-DR         ","0","0","0","--","--","--","--"," ","0","0.99","2","1.09","5","0.00"
"911622","泰聚亨-DR       ","1000","1","12500","12.5","12.5","12.5","12.5","X","0","11.1","1","12.5","3","0.00"
"911868","同方友友-DR     ","5000","4","10900","2.13","2.26","2.13","2.26","-","0.01","2.17","17","2.27","10","0.00"
"912000","晨訊科-DR       ","3000","2","7290","2.4","2.49","2.4","2.49","+","0.04","2.41","4","2.49","2","0.00"
"912398","友佳-DR         ","69176","46","506120","7.17","7.42","7.17","7.32","+","0.2","7.29","4","7.37","1","0.00"
"9136  ","巨騰-DR         ","286000","74","2863590","9.9","10.1","9.89","10.1","+","0.15","10","12","10.1","19","0.00"
"9157  ","陽光能源-DR     ","28000","12","28380","1.03","1.03","0.99","1"," ","0","1","1","1.02","15","0.00"
"9188  ","精熙-DR         ","20000","9","78830","3.94","3.95","3.94","3.95","+","0.01","3.94","20","3.98","3","0.00"
"9802  ","鈺齊-KY         ","747076","394","47757901","63.7","64.5","63.2","64.5","+","0.9","64.4","30","64.5","20","17.48"
"9902  ","台火            ","125309","65","1203556","9.53","9.66","9.52","9.6","+","0.12","9.58","3","9.63","3","240"
"9904  ","寶成            ","3481647","1704","139996404","40.1","40.4","40","40.2","+","0.3","40.2","14","40.25","39","11.75"
"9905  ","大華            ","123006","82","2937796","23.85","24.1","23.7","23.9","+","0.05","23.9","2","23.95","3","14.31"
"9906  ","欣巴巴          ","955458","600","19753719","19.8","21.45","19.65","20.75","+","1.15","20.75","13","20.8","2","25.62"
"9907  ","統一實          ","421675","287","5842662","13.8","13.95","13.75","13.85","+","0.1","13.85","109","13.9","3","39.57"
"9908  ","大台北          ","31018","21","753087","24.3","24.3","24.2","24.3"," ","0","24.25","3","24.3","17","17.36"
"9910  ","豐泰            ","1013747","451","122187140","120","121.5","119.5","120.5","+","1.5","120.5","59","121","16","17.31"
"9911  ","櫻花            ","807230","422","26602045","32.9","33.25","32.7","33.25","+","0.45","33","14","33.25","10","10.39"
"9912  ","偉聯            ","43103","18","333322","7.82","7.82","7.68","7.82"," ","0","7.75","3","7.8","1","0.00"
"9914  ","美利達          ","476940","414","68472920","142.5","144","142.5","144","+","3","143.5","40","144","21","21.24"
"9917  ","中保            ","832129","706","73163118","86.8","88.6","86.7","88.6","+","2.1","88.6","1","88.7","34","20.75"
"9918  ","欣天然          ","2118","4","67392","31.85","31.85","31.85","31.85","X","0","31.5","1","31.85","2","26.99"
"9919  ","康那香          ","72539","32","774711","10.7","10.75","10.65","10.75","+","0.1","10.7","5","10.75","10","51.19"
"9921  ","巨大            ","574271","452","104697093","181","183","180","183","+","3.5","182.5","4","183","42","21.13"
"9924  ","福興            ","269000","199","11222200","41.8","41.95","41.6","41.8","+","0.1","41.75","62","41.8","8","9.68"
"9925  ","新保            ","20111883","103","796452270","39.9","39.9","39.65","39.9","+","0.3","39.7","4","39.9","11","15.29"
"9926  ","新海            ","2100","3","87125","41.5","41.5","41.5","41.5","-","0.25","41.25","3","41.5","1","23.85"
"9927  ","泰銘            ","367334","199","12542835","34.3","34.3","34.05","34.05","-","0.35","34.05","4","34.1","1","10.51"
"9928  ","中視            ","19291","17","98435","5.12","5.3","5.02","5.12","+","0.08","5.05","5","5.12","1","0.00"
"9929  ","秋雨            ","1050","2","11975","11.4","11.4","11.4","11.4","-","0.25","11.4","1","11.45","3","0.00"
"9930  ","中聯資源        ","52070","52","2724000","52.2","52.9","51.5","52.9","+","0.7","52.8","1","52.9","1","17.23"
"9931  ","欣高            ","6001","2","189031","31.5","31.5","31.5","31.5","X","0","31.5","4","31.75","1","17.12"
"9933  ","中鼎            ","449404","350","21925973","49","49.25","48.55","48.7","-","0.3","48.65","89","48.7","1","15.92"
"9934  ","成霖            ","881970","383","14577911","16.6","16.8","16.25","16.25","-","0.3","16.25","160","16.3","4","0.00"
"9935  ","慶豐富          ","59002","26","532358","9.09","9.09","8.99","8.99","-","0.01","8.99","6","9.05","1","23.05"
"9937  ","全國            ","40636","26","1617501","39.8","39.9","39.8","39.8"," ","0","39.8","12","39.85","6","19.7"
"9938  ","百和            ","952303","615","90970306","95.9","96.2","94.8","95.4","+","0.3","95.4","21","95.5","8","20.13"
"9939  ","宏全            ","515164","339","27173109","52.5","52.9","52.4","52.7","+","0.4","52.7","6","52.8","14","13.55"
"9940  ","信義            ","222238","164","7112787","31.2","32.2","31.2","32.15","+","0.55","32","14","32.15","12","42.3"
"9941  ","裕融            ","85143","73","6579738","77","77.5","77","77.2","+","0.2","77.2","5","77.3","5","13.76"
"9942  ","茂順            ","43000","30","3579300","83","84.5","82.8","84.3","+","1.3","82.8","3","84.3","3","15.73"
"9943  ","好樂迪          ","77620","52","3952357","51","51.2","50.7","51.2","+","0.3","51.1","1","51.2","3","10.49"
"9944  ","新麗            ","24000","17","500500","20.9","20.9","20.6","20.9","+","0.2","20.65","3","20.9","6","42.65"
"9945  ","潤泰新          ","1957746","919","72207843","36.8","37","36.7","36.8","+","0.25","36.8","32","36.85","9","7.93"
"9946  ","三發地產        ","189202","62","2014690","10.7","10.75","10.6","10.6"," ","0","10.6","45","10.75","18","4.73"
"9955  ","佳龍            ","156925","92","2503721","15.95","16.15","15.8","15.8","+","0.1","15.8","6","16","2","0.00"
"9958  ","世紀鋼          ","38120","20","368132","9.68","9.75","9.6","9.64","+","0.06","9.64","2","9.65","7","12.52"
    
"說明："
"1. 漲跌(+/-)欄位符號說明:+/-/X表示漲/跌/不比價。"
"2. 當證券代號為認購(售)權證及認股權憑證時本益比欄位置為結算價；但如為以外國證券或指數為標的之認購(售)權證及履約方式採歐式者，該欄位為空白。"
"3. 除境外指數股票型基金及外國股票第二上市外，餘交易單位皆為千股。"
"4. 本統計資訊含一般、零股、盤後定價、鉅額交易，不含拍賣、標購。"

